5.0286E-004
5.2741E-004
5.3626E-004
5.2294E-004
4.8722E-004
4.9726E-004
5.0453E-004
5.3072E-004
5.2181E-004
5.1010E-004
5.1847E-004
5.2905E-004
5.0395E-004
5.0955E-004
5.0621E-004
5.2963E-004
5.3185E-004
4.9784E-004
5.4791E-004
5.5679E-004
5.4182E-004
5.6563E-004
5.3684E-004
5.3294E-004
5.8890E-004
5.5788E-004
5.8060E-004
5.5289E-004
5.5013E-004
5.8613E-004
5.3349E-004
5.6341E-004
5.3127E-004
5.5399E-004
5.8558E-004
6.1541E-004
6.3362E-004
5.7062E-004
5.7506E-004
6.0601E-004
5.9884E-004
6.5463E-004
5.9498E-004
6.0437E-004
6.5463E-004
6.2699E-004
5.9717E-004
6.4301E-004
6.1042E-004
6.7065E-004
6.3307E-004
6.5572E-004
6.6293E-004
6.6126E-004
6.6181E-004
6.3253E-004
6.9112E-004
6.6016E-004
6.3803E-004
6.6016E-004
6.5904E-004
6.6126E-004
6.7123E-004
6.8063E-004
6.6457E-004
6.5794E-004
6.6512E-004
6.8394E-004
6.7178E-004
6.8339E-004
6.5682E-004
6.6512E-004
6.8117E-004
6.5463E-004
6.7786E-004
6.7619E-004
6.4797E-004
6.6181E-004
6.6847E-004
6.8008E-004
6.6789E-004
6.7619E-004
6.7065E-004
6.7673E-004
6.5794E-004
6.7178E-004
6.5904E-004
6.3584E-004
6.6847E-004
6.5350E-004
6.5186E-004
6.6512E-004
6.3693E-004
6.3362E-004
6.4520E-004
6.4247E-004
6.1982E-004
6.3526E-004
6.5296E-004
6.3140E-004
6.3031E-004
6.4134E-004
6.2976E-004
6.2809E-004
6.4134E-004
6.0878E-004
6.1209E-004
6.0106E-004
6.1374E-004
6.2644E-004
5.9112E-004
6.1760E-004
6.1209E-004
6.2422E-004
6.3915E-004
6.1319E-004
6.1596E-004
6.0987E-004
6.0769E-004
6.1596E-004
6.2754E-004
5.9607E-004
5.9829E-004
5.9552E-004
6.2146E-004
5.9939E-004
6.0215E-004
5.9662E-004
6.0933E-004
5.8726E-004
6.0048E-004
5.9607E-004
6.1596E-004
6.1374E-004
6.1486E-004
6.0769E-004
5.9717E-004
6.1374E-004
6.1155E-004
6.0823E-004
6.1818E-004
6.0823E-004
6.1927E-004
6.0048E-004
5.8504E-004
6.0270E-004
6.0547E-004
6.1760E-004
6.1097E-004
5.8999E-004
6.0878E-004
6.0823E-004
6.1650E-004
6.1264E-004
6.2535E-004
6.1319E-004
6.2754E-004
6.0161E-004
5.9717E-004
6.2422E-004
6.2368E-004
6.2590E-004
6.3857E-004
6.2754E-004
6.1927E-004
6.1650E-004
6.2091E-004
5.9717E-004
6.2477E-004
6.2921E-004
6.2258E-004
6.2477E-004
6.4025E-004
6.2422E-004
6.2036E-004
6.1927E-004
6.2313E-004
6.2368E-004
6.4356E-004
6.2146E-004
6.2146E-004
6.2258E-004
6.3253E-004
6.3362E-004
6.1760E-004
6.0769E-004
6.3140E-004
6.2204E-004
6.3307E-004
5.8668E-004
6.2921E-004
6.2809E-004
6.1097E-004
6.2644E-004
5.8558E-004
6.0215E-004
6.3362E-004
6.0161E-004
6.3031E-004
5.9498E-004
6.2422E-004
5.8999E-004
5.9993E-004
6.2754E-004
6.3639E-004
6.1650E-004
6.2535E-004
5.6563E-004
6.3584E-004
5.9939E-004
6.3307E-004
5.8999E-004
5.3127E-004
6.0048E-004
6.2204E-004
5.6119E-004
5.5067E-004
5.4125E-004
6.1760E-004
5.5180E-004
4.8555E-004
5.5180E-004
5.0955E-004
5.9717E-004
5.6509E-004
5.5621E-004
5.2516E-004
5.0061E-004
5.9829E-004
4.7442E-004
4.5589E-004
5.5289E-004
5.0897E-004
5.1457E-004
5.3072E-004
5.1904E-004
5.7616E-004
3.3697E-004
4.3796E-004
4.0917E-004
5.1792E-004
4.3526E-004
3.7673E-004
4.4610E-004
4.6348E-004
3.8333E-004
4.5589E-004
3.2641E-004
2.8156E-004
4.4556E-004
2.6827E-004
3.4475E-004
3.1921E-004
3.1699E-004
2.8819E-004
2.5283E-004
3.3919E-004
3.5138E-004
2.2390E-004
4.2062E-004
3.4086E-004
2.3848E-004
2.5502E-004
2.5338E-004
3.8060E-004
2.1956E-004
3.3143E-004
2.6055E-004
2.2442E-004
3.1921E-004
2.5946E-004
2.8043E-004
2.7271E-004
2.4894E-004
2.3523E-004
2.1525E-004
2.3417E-004
2.8098E-004
1.6882E-004
2.3957E-004
2.7767E-004
2.1847E-004
1.7886E-004
2.1576E-004
1.8710E-004
2.2065E-004
1.7719E-004
2.2931E-004
1.8385E-004
1.8549E-004
1.7049E-004
1.7439E-004
1.7217E-004
1.7439E-004
1.7886E-004
1.9144E-004
1.6711E-004
1.5875E-004
1.6544E-004
1.7049E-004
1.6210E-004
1.6264E-004
1.7329E-004
1.5148E-004
1.7384E-004
1.8278E-004
1.5260E-004
1.5650E-004
1.5875E-004
1.5595E-004
1.6155E-004
1.7609E-004
1.7719E-004
1.4810E-004
1.6824E-004
1.5482E-004
1.6602E-004
1.4195E-004
1.5762E-004
1.6377E-004
1.4980E-004
1.3526E-004
1.6042E-004
1.7439E-004
1.7609E-004
1.4755E-004
1.5930E-004
1.5595E-004
1.6210E-004
1.5875E-004
1.7104E-004
1.8278E-004
1.9035E-004
1.6991E-004
2.0389E-004
1.7609E-004
1.6210E-004
1.7998E-004
1.7719E-004
1.8874E-004
2.0659E-004
1.7329E-004
1.9469E-004
1.5595E-004
2.0981E-004
1.8603E-004
1.8385E-004
2.0280E-004
1.8224E-004
2.0930E-004
1.9955E-004
2.1361E-004
1.8928E-004
1.8166E-004
2.0930E-004
2.1251E-004
2.0981E-004
2.1306E-004
1.7776E-004
2.3471E-004
2.1795E-004
2.1795E-004
2.6773E-004
2.1525E-004
2.2011E-004
2.4729E-004
2.0820E-004
2.4121E-004
2.1740E-004
2.1251E-004
2.4121E-004
1.9414E-004
2.2390E-004
2.5116E-004
2.4729E-004
2.3848E-004
2.3362E-004
2.4507E-004
2.3417E-004
2.3578E-004
2.5170E-004
2.4617E-004
2.3903E-004
2.4784E-004
2.3253E-004
2.6663E-004
2.3848E-004
2.4951E-004
2.6663E-004
2.5614E-004
2.5447E-004
2.6000E-004
2.6718E-004
2.5338E-004
2.5502E-004
2.7712E-004
2.4453E-004
2.5006E-004
2.4562E-004
2.5170E-004
2.4285E-004
2.7879E-004
2.5724E-004
2.3578E-004
2.4343E-004
2.5338E-004
2.5669E-004
2.2767E-004
2.3471E-004
2.3578E-004
2.3793E-004
2.5669E-004
2.2442E-004
2.0930E-004
2.2065E-004
2.3417E-004
2.0170E-004
2.5338E-004
2.2117E-004
2.2551E-004
2.1686E-004
2.3471E-004
2.2982E-004
2.0116E-004
1.9845E-004
2.0334E-004
2.1956E-004
2.1956E-004
2.1090E-004
1.8710E-004
2.3687E-004
2.1740E-004
2.1795E-004
2.0225E-004
1.9900E-004
2.2767E-004
1.9144E-004
2.1361E-004
1.9794E-004
2.1251E-004
2.0550E-004
1.8658E-004
2.0334E-004
1.9739E-004
1.8980E-004
1.9305E-004
1.9144E-004
2.0389E-004
1.9144E-004
1.7271E-004
2.1145E-004
2.1740E-004
1.9359E-004
1.6322E-004
2.0009E-004
1.7776E-004
1.6097E-004
1.6882E-004
1.6991E-004
1.6824E-004
1.8658E-004
1.8111E-004
1.9035E-004
1.7217E-004
1.8224E-004
1.7217E-004
1.8166E-004
1.6711E-004
1.7162E-004
1.6769E-004
1.8333E-004
1.5650E-004
1.6322E-004
1.8658E-004
1.6711E-004
1.7329E-004
1.7384E-004
1.6882E-004
1.6657E-004
1.7664E-004
1.7271E-004
1.6711E-004
1.5984E-004
1.7609E-004
1.5482E-004
1.7551E-004
1.7384E-004
1.6991E-004
1.6210E-004
1.7609E-004
1.6657E-004
1.5595E-004
1.7384E-004
1.7497E-004
1.5708E-004
1.5537E-004
1.7776E-004
1.8494E-004
1.8333E-004
1.8056E-004
1.6882E-004
1.6824E-004
1.6824E-004
1.7439E-004
1.7271E-004
1.5537E-004
1.7439E-004
1.9250E-004
1.7551E-004
1.7162E-004
1.8603E-004
1.6711E-004
1.7609E-004
1.8278E-004
1.6882E-004
1.7497E-004
1.7664E-004
1.8056E-004
1.7831E-004
1.7439E-004
1.9089E-004
1.8056E-004
1.7271E-004
1.9684E-004
1.8278E-004
1.8658E-004
1.9359E-004
1.8494E-004
1.9144E-004
1.8224E-004
2.0441E-004
1.9630E-004
1.9250E-004
1.7719E-004
1.9250E-004
2.0009E-004
2.0875E-004
2.1361E-004
2.0659E-004
1.8874E-004
2.2661E-004
1.9144E-004
2.3253E-004
2.1631E-004
2.0659E-004
2.0495E-004
2.1145E-004
2.1145E-004
2.3957E-004
2.3687E-004
2.1306E-004
2.0441E-004
2.1686E-004
2.3092E-004
2.4453E-004
2.4617E-004
2.1795E-004
2.3578E-004
2.5888E-004
2.3253E-004
2.5724E-004
3.6628E-004
2.1415E-004
3.4861E-004
2.7767E-004
2.6441E-004
3.8774E-004
2.9536E-004
3.9652E-004
2.7217E-004
4.2496E-004
3.1145E-004
3.5637E-004
3.8497E-004
3.9433E-004
3.2310E-004
4.3201E-004
4.3417E-004
3.3365E-004
4.6023E-004
3.4752E-004
5.0395E-004
4.4501E-004
4.0807E-004
4.9057E-004
3.7287E-004
4.8613E-004
5.5344E-004
3.8719E-004
5.1123E-004
4.9951E-004
4.6782E-004
3.7069E-004
5.6840E-004
5.1847E-004
3.8829E-004
5.5788E-004
4.8166E-004
4.8220E-004
7.4005E-004
6.7564E-004
6.4189E-004
5.7172E-004
6.4247E-004
6.8063E-004
5.5955E-004
7.1949E-004
6.7786E-004
7.0328E-004
7.6061E-004
6.6901E-004
7.4491E-004
7.1570E-004
5.9498E-004
7.0759E-004
6.2258E-004
6.4079E-004
7.2435E-004
7.3680E-004
6.9501E-004
7.3896E-004
7.1789E-004
6.8838E-004
6.9665E-004
7.3085E-004
6.9501E-004
7.1840E-004
6.3417E-004
7.1570E-004
6.5405E-004
7.3626E-004
7.2274E-004
6.9665E-004
7.0598E-004
7.3356E-004
7.4652E-004
7.2435E-004
6.6457E-004
7.2815E-004
6.5904E-004
7.0383E-004
7.4221E-004
6.2699E-004
6.5740E-004
6.9723E-004
6.5682E-004
6.5572E-004
5.4459E-004
6.1818E-004
6.1155E-004
5.6177E-004
6.2036E-004
5.4623E-004
6.2976E-004
6.3417E-004
5.3240E-004
4.9784E-004
5.7007E-004
5.3018E-004
5.3185E-004
5.0563E-004
6.5682E-004
4.9951E-004
5.0955E-004
5.0341E-004
5.0621E-004
5.1625E-004
4.8948E-004
5.0341E-004
5.0508E-004
5.3404E-004
5.1010E-004
5.0897E-004
5.1679E-004
5.1065E-004
5.2741E-004
5.1399E-004
4.9784E-004
5.1959E-004
4.9115E-004
4.8220E-004
5.0341E-004
5.1399E-004
5.3462E-004
5.3018E-004
5.3404E-004
5.6895E-004
5.0453E-004
5.4015E-004
5.4845E-004
5.6563E-004
5.8504E-004
5.0955E-004
5.5511E-004
5.7394E-004
5.4623E-004
5.8336E-004
5.4015E-004
5.8114E-004
5.3018E-004
5.3185E-004
6.2422E-004
5.7062E-004
5.6341E-004
5.7172E-004
5.9884E-004
5.9388E-004
6.0215E-004
6.0933E-004
6.0048E-004
5.6010E-004
6.0270E-004
6.0270E-004
6.3748E-004
5.9939E-004
5.9662E-004
6.5958E-004
6.1486E-004
6.1982E-004
6.2204E-004
6.5019E-004
6.4964E-004
6.5849E-004
6.6457E-004
6.4189E-004
6.0106E-004
6.6126E-004
6.4025E-004
6.7564E-004
6.2477E-004
6.3198E-004
6.1872E-004
6.2976E-004
6.5740E-004
6.6625E-004
6.6956E-004
6.7233E-004
6.5572E-004
6.7397E-004
6.6901E-004
6.4301E-004
6.6625E-004
6.7786E-004
6.5904E-004
6.6512E-004
6.7123E-004
6.6847E-004
6.7065E-004
6.9723E-004
6.9112E-004
6.7011E-004
6.8172E-004
6.5019E-004
6.6071E-004
6.6789E-004
6.7178E-004
6.5794E-004
6.6181E-004
6.6457E-004
6.2754E-004
6.4411E-004
6.6734E-004
6.5019E-004
6.5794E-004
6.2422E-004
6.5627E-004
6.3471E-004
6.5794E-004
6.5132E-004
6.4578E-004
6.1486E-004
6.4855E-004
6.2699E-004
6.4134E-004
6.5296E-004
6.0492E-004
6.4025E-004
6.0987E-004
6.4301E-004
6.3970E-004
6.3362E-004
5.9993E-004
6.1428E-004
5.8944E-004
5.9498E-004
6.1650E-004
6.1705E-004
5.8890E-004
6.2866E-004
6.1705E-004
5.9774E-004
5.9166E-004
6.0656E-004
5.9829E-004
6.0048E-004
6.1155E-004
6.1596E-004
6.1374E-004
6.0547E-004
6.1319E-004
6.0547E-004
6.0547E-004
6.1818E-004
6.2091E-004
6.0769E-004
6.0933E-004
6.0711E-004
5.8780E-004
6.0492E-004
5.9388E-004
5.8999E-004
6.0933E-004
6.0270E-004
6.1428E-004
6.0325E-004
6.1596E-004
6.0161E-004
6.0106E-004
5.9498E-004
5.9662E-004
6.1155E-004
6.3526E-004
5.8780E-004
6.1541E-004
6.3085E-004
6.1209E-004
6.1596E-004
6.2368E-004
6.2036E-004
5.9717E-004
6.2921E-004
6.3307E-004
6.0769E-004
6.0878E-004
6.0878E-004
6.3085E-004
6.2590E-004
6.3031E-004
6.2921E-004
6.0601E-004
6.0325E-004
6.3748E-004
6.1818E-004
6.2258E-004
6.3748E-004
6.0878E-004
6.2976E-004
6.2477E-004
6.2976E-004
6.2368E-004
6.3417E-004
6.1428E-004
6.4578E-004
6.2590E-004
6.3803E-004
6.3526E-004
6.3031E-004
6.3417E-004
6.2258E-004
6.3362E-004
6.0878E-004
6.1872E-004
6.2921E-004
6.2590E-004
6.2644E-004
6.3140E-004
6.1486E-004
6.2036E-004
6.2699E-004
6.0270E-004
6.2204E-004
5.8944E-004
6.3031E-004
6.0161E-004
6.2699E-004
6.2535E-004
5.9662E-004
6.2258E-004
5.9221E-004
5.9276E-004
6.2422E-004
6.1818E-004
6.1264E-004
6.2204E-004
5.6895E-004
5.8391E-004
4.9282E-004
6.1097E-004
5.7506E-004
5.6840E-004
5.8227E-004
5.6731E-004
5.5897E-004
5.8999E-004
5.5566E-004
5.5621E-004
5.3294E-004
4.8948E-004
5.6785E-004
5.1734E-004
5.3185E-004
5.6895E-004
4.7776E-004
4.6348E-004
5.3571E-004
4.8948E-004
5.4125E-004
4.0202E-004
6.0878E-004
4.7776E-004
4.0148E-004
4.8555E-004
4.1956E-004
4.9672E-004
3.9543E-004
4.5045E-004
5.2461E-004
4.9224E-004
4.9450E-004
4.8446E-004
3.2143E-004
4.0862E-004
3.0756E-004
3.2310E-004
4.7496E-004
2.7049E-004
4.8668E-004
2.8488E-004
3.4807E-004
4.5424E-004
3.6300E-004
3.8497E-004
3.2255E-004
3.0090E-004
3.2197E-004
2.3687E-004
3.7509E-004
3.3809E-004
2.9482E-004
3.3697E-004
2.4343E-004
3.0811E-004
2.5946E-004
2.4839E-004
2.4343E-004
2.2876E-004
2.7767E-004
2.2606E-004
2.4951E-004
2.6663E-004
1.9250E-004
2.2821E-004
1.9575E-004
2.2065E-004
1.7497E-004
1.7944E-004
1.9414E-004
2.0116E-004
1.6711E-004
2.1470E-004
1.7609E-004
1.8764E-004
2.0116E-004
1.7609E-004
1.5762E-004
1.8111E-004
1.6097E-004
1.8333E-004
1.6042E-004
1.8333E-004
1.7497E-004
1.5428E-004
1.6435E-004
1.5537E-004
1.7998E-004
1.6991E-004
1.5482E-004
1.6155E-004
1.5202E-004
1.5762E-004
1.8111E-004
1.5090E-004
1.6264E-004
1.4421E-004
1.6377E-004
1.6489E-004
1.4028E-004
1.7217E-004
1.5428E-004
1.4308E-004
1.5202E-004
1.5708E-004
1.6991E-004
1.5708E-004
1.7664E-004
1.6882E-004
1.6489E-004
1.5762E-004
1.7217E-004
1.5370E-004
1.8278E-004
1.6882E-004
1.6711E-004
1.7162E-004
1.5595E-004
1.5875E-004
1.5315E-004
1.6155E-004
1.5260E-004
1.4868E-004
1.7551E-004
1.6602E-004
1.4421E-004
1.6155E-004
2.1306E-004
1.8224E-004
1.6937E-004
1.9144E-004
1.7719E-004
1.7776E-004
1.7217E-004
1.8764E-004
1.8056E-004
1.9630E-004
2.2011E-004
1.6991E-004
1.9469E-004
2.0334E-004
1.7439E-004
1.9469E-004
2.2226E-004
2.4231E-004
2.0495E-004
1.8928E-004
2.5061E-004
2.0334E-004
2.2065E-004
2.1686E-004
2.1956E-004
2.2551E-004
2.0389E-004
1.9575E-004
2.4343E-004
2.1847E-004
2.2390E-004
2.2712E-004
2.3578E-004
2.4839E-004
2.2712E-004
2.3632E-004
2.6441E-004
2.2390E-004
2.5283E-004
2.5724E-004
2.4675E-004
2.3848E-004
2.4231E-004
2.5888E-004
2.3362E-004
2.6222E-004
2.7934E-004
2.2982E-004
2.5116E-004
2.5669E-004
2.4176E-004
2.4343E-004
2.2606E-004
2.6000E-004
2.4729E-004
2.4067E-004
2.7326E-004
2.6386E-004
2.4012E-004
2.7271E-004
2.4453E-004
2.4894E-004
2.6055E-004
2.6000E-004
2.5502E-004
2.7049E-004
2.4231E-004
2.6995E-004
2.1090E-004
2.3471E-004
2.5614E-004
2.3848E-004
2.3848E-004
2.6055E-004
2.4121E-004
2.3471E-004
2.2551E-004
2.2712E-004
2.5447E-004
2.3253E-004
2.3742E-004
2.1036E-004
2.1036E-004
2.0280E-004
2.3307E-004
2.0009E-004
2.3957E-004
2.1740E-004
2.4012E-004
2.1795E-004
2.2336E-004
2.1415E-004
2.3037E-004
2.1795E-004
2.0389E-004
2.1470E-004
1.9575E-004
1.8278E-004
2.2767E-004
1.8764E-004
1.7217E-004
1.8333E-004
2.1525E-004
1.8658E-004
1.8278E-004
1.9250E-004
2.1686E-004
1.7497E-004
2.0064E-004
1.7831E-004
1.8333E-004
1.8494E-004
1.9794E-004
1.9794E-004
1.8710E-004
1.7664E-004
1.8439E-004
1.7719E-004
1.8764E-004
1.8874E-004
1.7104E-004
1.7886E-004
1.6210E-004
1.7104E-004
1.8874E-004
1.8056E-004
1.8439E-004
1.6210E-004
1.6824E-004
1.5260E-004
1.8603E-004
1.7384E-004
1.8549E-004
1.6155E-004
1.6824E-004
1.5202E-004
1.8980E-004
1.4701E-004
1.6937E-004
1.6937E-004
1.8224E-004
1.7831E-004
1.7497E-004
1.7162E-004
1.6210E-004
1.6711E-004
1.6991E-004
1.6042E-004
1.6377E-004
1.7776E-004
1.5148E-004
1.6937E-004
1.6602E-004
1.7384E-004
1.8658E-004
1.5708E-004
1.8928E-004
1.6711E-004
1.9414E-004
1.7831E-004
1.8385E-004
1.8056E-004
1.6210E-004
1.8658E-004
1.7719E-004
1.7104E-004
1.5762E-004
1.6155E-004
1.7551E-004
1.7664E-004
1.5762E-004
1.7944E-004
1.8056E-004
1.7944E-004
1.5370E-004
1.8224E-004
1.6711E-004
1.8333E-004
1.8819E-004
1.6435E-004
1.8764E-004
1.8439E-004
1.6937E-004
1.8111E-004
1.8658E-004
1.7944E-004
1.8658E-004
2.0441E-004
1.7664E-004
1.8278E-004
1.7104E-004
2.4729E-004
1.7719E-004
1.9684E-004
1.9359E-004
1.8166E-004
2.1036E-004
1.9469E-004
1.7609E-004
1.9199E-004
2.0064E-004
2.1470E-004
2.1036E-004
2.0280E-004
2.1631E-004
1.9305E-004
2.0820E-004
2.0981E-004
2.1200E-004
2.1200E-004
2.3037E-004
2.3307E-004
2.1686E-004
2.2172E-004
2.3632E-004
2.5888E-004
2.3957E-004
2.4398E-004
2.2551E-004
3.2365E-004
2.3471E-004
3.2641E-004
2.6000E-004
2.5833E-004
3.8002E-004
2.4784E-004
2.6773E-004
3.0646E-004
2.8983E-004
3.2587E-004
3.2365E-004
3.7342E-004
2.9923E-004
2.8652E-004
5.0788E-004
4.5370E-004
2.7159E-004
3.2255E-004
4.1084E-004
4.3311E-004
2.9150E-004
5.3240E-004
4.9337E-004
2.6441E-004
4.9726E-004
3.4974E-004
3.8060E-004
4.2603E-004
4.7998E-004
4.4881E-004
4.9002E-004
4.1248E-004
6.6625E-004
4.7664E-004
4.4610E-004
6.0547E-004
4.4015E-004
6.6901E-004
5.6177E-004
6.5627E-004
6.5186E-004
5.8169E-004
5.7670E-004
5.0955E-004
6.5958E-004
6.7397E-004
5.5897E-004
6.8504E-004
7.1570E-004
6.3803E-004
6.8780E-004
7.0273E-004
7.3787E-004
7.4166E-004
7.4437E-004
7.3787E-004
6.7123E-004
7.5627E-004
6.6071E-004
7.3680E-004
7.4652E-004
7.0109E-004
7.3031E-004
7.3465E-004
7.1029E-004
7.3465E-004
7.2220E-004
7.3085E-004
7.3410E-004
7.0109E-004
6.8616E-004
7.3787E-004
7.2706E-004
6.3526E-004
7.1789E-004
6.9224E-004
6.4742E-004
5.8391E-004
7.1895E-004
6.7011E-004
5.9717E-004
6.6457E-004
6.4855E-004
6.0987E-004
5.7728E-004
6.3085E-004
6.4520E-004
7.2599E-004
5.0173E-004
6.7841E-004
5.8060E-004
5.5289E-004
6.2258E-004
5.5511E-004
6.3693E-004
6.2921E-004
5.3626E-004
5.9276E-004
5.2239E-004
6.0379E-004
5.6232E-004
5.1847E-004
5.6731E-004
4.8835E-004
5.2574E-004
4.7831E-004
5.0563E-004
5.6232E-004
4.8388E-004
5.0563E-004
4.9951E-004
5.1625E-004
5.0395E-004
4.9617E-004
4.9450E-004
5.1010E-004
