1.6322E-004
6.0823E-004
1.6657E-004
5.9498E-004
1.7776E-004
6.2091E-004
1.7104E-004
1.6657E-004
5.9498E-004
1.7439E-004
6.3526E-004
2.0280E-004
6.2590E-004
1.8056E-004
6.2754E-004
1.6489E-004
6.1042E-004
1.8224E-004
6.2313E-004
1.7329E-004
6.3803E-004
1.7998E-004
6.2590E-004
6.3417E-004
1.9900E-004
6.4411E-004
1.9089E-004
6.3198E-004
1.7384E-004
1.9199E-004
6.4025E-004
1.6711E-004
6.5019E-004
1.8385E-004
6.4247E-004
1.8166E-004
6.3693E-004
1.9089E-004
6.4742E-004
1.7998E-004
6.4247E-004
1.8056E-004
6.3085E-004
1.8980E-004
6.5132E-004
6.5405E-004
6.3140E-004
1.8710E-004
6.3748E-004
1.7439E-004
6.3307E-004
1.9575E-004
6.5132E-004
1.9575E-004
6.4910E-004
2.0495E-004
6.3198E-004
1.8549E-004
6.3748E-004
1.9845E-004
6.2644E-004
1.8603E-004
6.3253E-004
2.0766E-004
6.3915E-004
2.0495E-004
6.2422E-004
2.0711E-004
1.9900E-004
6.3803E-004
2.0009E-004
2.1036E-004
6.2258E-004
2.0441E-004
2.1361E-004
5.9939E-004
2.0495E-004
6.4578E-004
6.1705E-004
2.0280E-004
6.1428E-004
2.0009E-004
5.7838E-004
2.1361E-004
6.2313E-004
2.1361E-004
5.8668E-004
2.0334E-004
5.7339E-004
1.9630E-004
5.7062E-004
2.1631E-004
6.1650E-004
2.2931E-004
5.7172E-004
2.5338E-004
5.2963E-004
2.6332E-004
4.7998E-004
2.7767E-004
5.3516E-004
3.1200E-004
5.9498E-004
3.0978E-004
2.4231E-004
5.2072E-004
3.0035E-004
2.4121E-004
4.6782E-004
3.0923E-004
4.6782E-004
2.5006E-004
4.0753E-004
4.7329E-004
2.7934E-004
5.2239E-004
4.0643E-004
3.4308E-004
4.8948E-004
3.0035E-004
3.1753E-004
3.6078E-004
3.3085E-004
4.8500E-004
6.1760E-004
4.8500E-004
3.6023E-004
3.7397E-004
5.0286E-004
2.6441E-004
4.7998E-004
2.9536E-004
3.9215E-004
3.9269E-004
5.9884E-004
3.3973E-004
4.5859E-004
2.7159E-004
3.5804E-004
2.8597E-004
3.1312E-004
5.5955E-004
2.5778E-004
6.1596E-004
2.6110E-004
2.4894E-004
3.2143E-004
6.9224E-004
3.0312E-004
7.1570E-004
2.2661E-004
6.6901E-004
1.9684E-004
7.2760E-004
2.2336E-004
7.3571E-004
2.6332E-004
7.0273E-004
2.0766E-004
7.0328E-004
2.0981E-004
7.3356E-004
1.9794E-004
7.2706E-004
1.8166E-004
7.3085E-004
2.1145E-004
7.1789E-004
2.0875E-004
7.3031E-004
1.9739E-004
2.0605E-004
7.0109E-004
1.7104E-004
7.0653E-004
1.7664E-004
6.7455E-004
1.5708E-004
6.2091E-004
1.9035E-004
5.8336E-004
1.8710E-004
7.0759E-004
6.8838E-004
1.7162E-004
6.1872E-004
6.6457E-004
1.5090E-004
6.3471E-004
6.5241E-004
1.6489E-004
6.0769E-004
1.6489E-004
5.5122E-004
1.7104E-004
5.1345E-004
1.7329E-004
5.5013E-004
1.8224E-004
5.3018E-004
1.6097E-004
5.2683E-004
1.7329E-004
5.0730E-004
1.6657E-004
5.0897E-004
1.9144E-004
5.1010E-004
1.7217E-004
5.2406E-004
1.8764E-004
4.9951E-004
1.8385E-004
5.0621E-004
1.9955E-004
5.1123E-004
1.8874E-004
5.2348E-004
5.0563E-004
1.9575E-004
5.0119E-004
2.0766E-004
5.1457E-004
5.0395E-004
1.8980E-004
5.1457E-004
2.2931E-004
4.9559E-004
2.0170E-004
5.6731E-004
2.1525E-004
5.5788E-004
2.3903E-004
5.6895E-004
1.9955E-004
5.0843E-004
2.1956E-004
5.6010E-004
2.0875E-004
6.2422E-004
1.8166E-004
5.9057E-004
2.3523E-004
5.0621E-004
2.3092E-004
5.6232E-004
2.1525E-004
5.3738E-004
2.1470E-004
5.6953E-004
5.5122E-004
2.2982E-004
6.6348E-004
2.1470E-004
6.3748E-004
2.4729E-004
2.4285E-004
6.1209E-004
2.5614E-004
5.5733E-004
2.5061E-004
6.0769E-004
2.5447E-004
6.3857E-004
2.5170E-004
6.4247E-004
6.8780E-004
2.5669E-004
2.6055E-004
6.5019E-004
2.2931E-004
6.7178E-004
6.7065E-004
2.2821E-004
6.8285E-004
2.2876E-004
6.5186E-004
2.3848E-004
6.9501E-004
2.3146E-004
2.3523E-004
6.7342E-004
2.2065E-004
2.5061E-004
6.6016E-004
2.3903E-004
6.7950E-004
2.0875E-004
6.7011E-004
2.2336E-004
6.7455E-004
6.7564E-004
2.1847E-004
6.7564E-004
2.2497E-004
6.8394E-004
2.4894E-004
2.1090E-004
6.3198E-004
2.1576E-004
6.2422E-004
2.1795E-004
6.7178E-004
6.6235E-004
1.8928E-004
6.3362E-004
2.1090E-004
6.4025E-004
1.9144E-004
2.4067E-004
6.3031E-004
2.2821E-004
6.3362E-004
1.7831E-004
6.6403E-004
1.8980E-004
6.1650E-004
2.0981E-004
6.0547E-004
2.0875E-004
6.1818E-004
2.1686E-004
6.2866E-004
1.6991E-004
6.3857E-004
1.8819E-004
6.1982E-004
1.8658E-004
6.1927E-004
1.9250E-004
6.2921E-004
1.8928E-004
6.0769E-004
1.7664E-004
1.7049E-004
1.7609E-004
1.7776E-004
5.9662E-004
2.0170E-004
5.9829E-004
1.8928E-004
5.8668E-004
1.6657E-004
6.0437E-004
1.8710E-004
5.8336E-004
1.6602E-004
5.9993E-004
1.5650E-004
6.0656E-004
1.7329E-004
5.8726E-004
1.7271E-004
5.9993E-004
1.7664E-004
6.0437E-004
1.6042E-004
6.0106E-004
1.6377E-004
6.1486E-004
1.7776E-004
5.8726E-004
1.8056E-004
6.0601E-004
1.7104E-004
6.4688E-004
1.8166E-004
1.5428E-004
6.2204E-004
1.7831E-004
6.2036E-004
1.7664E-004
1.7049E-004
6.1982E-004
1.7609E-004
6.1927E-004
1.6657E-004
6.3471E-004
1.9089E-004
6.3140E-004
1.7998E-004
6.4633E-004
6.1982E-004
1.8224E-004
6.2976E-004
1.6711E-004
6.3803E-004
1.7664E-004
6.4025E-004
1.9359E-004
6.2699E-004
1.8439E-004
6.3584E-004
2.0064E-004
6.2866E-004
1.5762E-004
6.3253E-004
1.8874E-004
6.3526E-004
1.8928E-004
1.8439E-004
6.3085E-004
1.9794E-004
1.8819E-004
6.3526E-004
6.3253E-004
1.9955E-004
6.3307E-004
6.2699E-004
2.0280E-004
6.3639E-004
1.6882E-004
6.2146E-004
6.3970E-004
1.9794E-004
6.4633E-004
1.8439E-004
6.3085E-004
1.9955E-004
6.4520E-004
6.4301E-004
1.8819E-004
6.4301E-004
1.9199E-004
6.4855E-004
1.9524E-004
6.2036E-004
2.1036E-004
6.2091E-004
6.4466E-004
2.0605E-004
6.2699E-004
1.9250E-004
6.3198E-004
2.0334E-004
5.9829E-004
2.2226E-004
6.1374E-004
1.9524E-004
2.0605E-004
5.4791E-004
2.5116E-004
6.3085E-004
2.2982E-004
6.1982E-004
2.3253E-004
5.7838E-004
2.0930E-004
5.2348E-004
2.1631E-004
5.4845E-004
5.6618E-004
2.2336E-004
6.2644E-004
2.0170E-004
5.7284E-004
2.9096E-004
5.3571E-004
2.3362E-004
5.5067E-004
2.8983E-004
5.5843E-004
2.3523E-004
2.3903E-004
5.0508E-004
2.6663E-004
5.2181E-004
2.7049E-004
4.4121E-004
3.1753E-004
4.2657E-004
3.5804E-004
5.2628E-004
3.3475E-004
3.7947E-004
3.0035E-004
4.9224E-004
3.9929E-004
3.9984E-004
4.4501E-004
3.3809E-004
4.1358E-004
4.3037E-004
3.1921E-004
4.2548E-004
3.4861E-004
3.8060E-004
4.3581E-004
4.9282E-004
4.7442E-004
3.8333E-004
5.5289E-004
3.8002E-004
6.0933E-004
3.0424E-004
5.2628E-004
3.1644E-004
4.6998E-004
2.6110E-004
5.8504E-004
3.8719E-004
7.1248E-004
3.0202E-004
6.0048E-004
2.0930E-004
7.2760E-004
2.0930E-004
2.5061E-004
6.7841E-004
2.1251E-004
2.7603E-004
7.1679E-004
2.4012E-004
2.7104E-004
7.2220E-004
2.3146E-004
2.2661E-004
1.9359E-004
6.7895E-004
2.1306E-004
7.0923E-004
1.8603E-004
7.3571E-004
1.9575E-004
7.2706E-004
7.2059E-004
1.9144E-004
6.4411E-004
1.9684E-004
7.2329E-004
1.6991E-004
7.1409E-004
1.7104E-004
6.8504E-004
2.1251E-004
6.0601E-004
1.7049E-004
7.0273E-004
1.6824E-004
6.3198E-004
6.1596E-004
6.8227E-004
1.5708E-004
5.5067E-004
1.8439E-004
1.6042E-004
6.9170E-004
6.6901E-004
1.7329E-004
6.6570E-004
1.6042E-004
6.0325E-004
1.6435E-004
5.3684E-004
5.7062E-004
1.6937E-004
1.7217E-004
5.0341E-004
1.7217E-004
6.0987E-004
1.6991E-004
5.0563E-004
1.5930E-004
1.7439E-004
5.4015E-004
1.6489E-004
5.0006E-004
1.6264E-004
6.0379E-004
1.7944E-004
5.2461E-004
1.6042E-004
5.0675E-004
1.7049E-004
5.0955E-004
1.7439E-004
5.3240E-004
1.9739E-004
4.9170E-004
1.9199E-004
5.3793E-004
1.8494E-004
5.0006E-004
1.8874E-004
5.2574E-004
1.9684E-004
5.2126E-004
1.7776E-004
5.1290E-004
1.9359E-004
5.0955E-004
5.5013E-004
1.8439E-004
5.7728E-004
2.1200E-004
6.1760E-004
2.1525E-004
5.4070E-004
2.1740E-004
5.2072E-004
2.4729E-004
5.4958E-004
1.7384E-004
5.7561E-004
2.1306E-004
5.8169E-004
2.5447E-004
2.6441E-004
6.2477E-004
2.5556E-004
6.3803E-004
2.4784E-004
6.0547E-004
6.2590E-004
2.1036E-004
6.0711E-004
2.5724E-004
5.6065E-004
2.2606E-004
6.3417E-004
2.2172E-004
6.4578E-004
2.4398E-004
5.9829E-004
6.1760E-004
2.3523E-004
6.6512E-004
2.5614E-004
6.2699E-004
2.6608E-004
6.6126E-004
2.5502E-004
6.7786E-004
2.4231E-004
6.5019E-004
2.2821E-004
6.3471E-004
2.5006E-004
6.6570E-004
2.5116E-004
6.8449E-004
2.4507E-004
6.6847E-004
2.3903E-004
6.6625E-004
2.2065E-004
6.6789E-004
2.1956E-004
6.7011E-004
2.0766E-004
6.6901E-004
2.4453E-004
6.5958E-004
6.6625E-004
2.2497E-004
6.6956E-004
2.2712E-004
6.4520E-004
2.2551E-004
6.4855E-004
2.1740E-004
6.5627E-004
2.2172E-004
6.8449E-004
2.2390E-004
6.1650E-004
2.3146E-004
6.2204E-004
2.3037E-004
6.0987E-004
2.2767E-004
6.3362E-004
2.0981E-004
6.3031E-004
2.1631E-004
6.0106E-004
1.9684E-004
6.0161E-004
2.0875E-004
6.4134E-004
6.1319E-004
1.9089E-004
6.1097E-004
2.0981E-004
6.1650E-004
1.7551E-004
6.3031E-004
1.7104E-004
6.2146E-004
1.7944E-004
6.0601E-004
1.8819E-004
6.2422E-004
1.7104E-004
6.0711E-004
1.8928E-004
6.1428E-004
1.7886E-004
5.9939E-004
1.7944E-004
6.0547E-004
1.6769E-004
1.8224E-004
6.0878E-004
1.9250E-004
1.6937E-004
5.9829E-004
1.6824E-004
5.9607E-004
1.7217E-004
6.1486E-004
5.9330E-004
1.6824E-004
5.9498E-004
1.6937E-004
6.1486E-004
1.5650E-004
6.0270E-004
1.6824E-004
5.8890E-004
1.8166E-004
6.2313E-004
6.0492E-004
6.0769E-004
1.7329E-004
6.0437E-004
1.8224E-004
6.1818E-004
1.8603E-004
1.9199E-004
6.2258E-004
1.6937E-004
6.1596E-004
1.6489E-004
6.2809E-004
1.7384E-004
6.2535E-004
1.8278E-004
6.4742E-004
1.9089E-004
6.2422E-004
1.7497E-004
1.8710E-004
6.2422E-004
1.5930E-004
6.1982E-004
1.4980E-004
6.3031E-004
1.9250E-004
6.3970E-004
1.7998E-004
6.4247E-004
1.8874E-004
6.5132E-004
1.7439E-004
1.7776E-004
1.8549E-004
6.5074E-004
1.9469E-004
6.4134E-004
1.7104E-004
6.2866E-004
1.8819E-004
6.4520E-004
6.4411E-004
1.8658E-004
6.3140E-004
6.3748E-004
1.7384E-004
6.4356E-004
1.7271E-004
6.3857E-004
1.7104E-004
6.2590E-004
1.9359E-004
1.8333E-004
6.3198E-004
1.7497E-004
6.3915E-004
1.7998E-004
6.1650E-004
6.2921E-004
1.8385E-004
6.4578E-004
1.8819E-004
6.3803E-004
1.7439E-004
6.2258E-004
1.9684E-004
6.2699E-004
1.8928E-004
6.2976E-004
1.9684E-004
2.0064E-004
6.5186E-004
2.0875E-004
1.9684E-004
6.2809E-004
1.9955E-004
6.2313E-004
2.3793E-004
6.1264E-004
2.4894E-004
5.5457E-004
2.1525E-004
5.2741E-004
2.2497E-004
5.8726E-004
2.2281E-004
5.9330E-004
2.2117E-004
5.6232E-004
2.2712E-004
5.9057E-004
5.5122E-004
2.6222E-004
6.0601E-004
2.4839E-004
5.2796E-004
2.3632E-004
5.5180E-004
2.4121E-004
5.1399E-004
2.6441E-004
5.5067E-004
2.2551E-004
4.6238E-004
2.9646E-004
4.8333E-004
3.4031E-004
4.6129E-004
3.8719E-004
5.3018E-004
4.5640E-004
4.2172E-004
3.1589E-004
3.6354E-004
3.7287E-004
3.2197E-004
4.3581E-004
2.8983E-004
3.8169E-004
4.0479E-004
3.8774E-004
3.5804E-004
3.2809E-004
3.4807E-004
4.4720E-004
3.8829E-004
3.2699E-004
4.6129E-004
3.9215E-004
3.8002E-004
3.0367E-004
4.3960E-004
2.8928E-004
3.4752E-004
6.6457E-004
5.1010E-004
3.2976E-004
6.0878E-004
2.4507E-004
6.7895E-004
2.6827E-004
2.1631E-004
6.8561E-004
2.5006E-004
6.2921E-004
2.3471E-004
6.3362E-004
2.2931E-004
6.5849E-004
2.7493E-004
7.0164E-004
2.1090E-004
6.5132E-004
2.0495E-004
6.7123E-004
2.6773E-004
7.4166E-004
1.8928E-004
7.5141E-004
7.4276E-004
1.7776E-004
7.5788E-004
1.9469E-004
7.2921E-004
2.1036E-004
6.9446E-004
1.9305E-004
7.1248E-004
1.8166E-004
6.9723E-004
1.7217E-004
6.5958E-004
1.6937E-004
6.3198E-004
1.8385E-004
6.5518E-004
1.7271E-004
7.3301E-004
1.5315E-004
7.4762E-004
1.6991E-004
1.7497E-004
7.2976E-004
1.6155E-004
5.6177E-004
1.8278E-004
7.0868E-004
1.7217E-004
5.7670E-004
1.6544E-004
6.6126E-004
1.7831E-004
5.9939E-004
1.6824E-004
5.1010E-004
1.8333E-004
5.1399E-004
1.7551E-004
6.0601E-004
1.9035E-004
4.9784E-004
1.6435E-004
4.9894E-004
1.7831E-004
5.1345E-004
1.6377E-004
4.9672E-004
1.6824E-004
5.3294E-004
1.9199E-004
5.2072E-004
1.7439E-004
5.2406E-004
1.5482E-004
5.1625E-004
1.7998E-004
5.4791E-004
1.5595E-004
4.9617E-004
2.0225E-004
5.1512E-004
5.1345E-004
5.8726E-004
1.8764E-004
5.2072E-004
1.8549E-004
5.2516E-004
2.0981E-004
5.2239E-004
1.8494E-004
5.8780E-004
1.8603E-004
5.5399E-004
2.2065E-004
5.3848E-004
5.7892E-004
2.1686E-004
6.0161E-004
2.0495E-004
5.4736E-004
2.3742E-004
5.6731E-004
2.4231E-004
2.3848E-004
2.0820E-004
5.9498E-004
2.5392E-004
6.0379E-004
2.4176E-004
2.4121E-004
6.1374E-004
1.9845E-004
6.4411E-004
2.5946E-004
6.5296E-004
2.4784E-004
6.6403E-004
2.5669E-004
2.3793E-004
6.1705E-004
2.3957E-004
6.6071E-004
2.3903E-004
6.2644E-004
2.5116E-004
6.6679E-004
2.3687E-004
6.7397E-004
2.4729E-004
6.6403E-004
2.5392E-004
6.6457E-004
2.3471E-004
6.6956E-004
6.6348E-004
2.5225E-004
6.5572E-004
2.5392E-004
6.4301E-004
2.4453E-004
6.6293E-004
6.7841E-004
2.4012E-004
6.6403E-004
2.2551E-004
6.8504E-004
2.5061E-004
6.7123E-004
2.1306E-004
6.7397E-004
2.4617E-004
6.7178E-004
2.1525E-004
6.5627E-004
2.3578E-004
6.6457E-004
2.1251E-004
6.8893E-004
2.0605E-004
6.3748E-004
2.0064E-004
6.2313E-004
2.2442E-004
6.1264E-004
2.1795E-004
6.1760E-004
1.8658E-004
6.5074E-004
2.0225E-004
6.5132E-004
2.2172E-004
6.1760E-004
2.0116E-004
6.2313E-004
1.8603E-004
6.1927E-004
2.0441E-004
1.8333E-004
6.2258E-004
1.8764E-004
6.1650E-004
5.7838E-004
1.9575E-004
6.0823E-004
1.9250E-004
6.2204E-004
1.8819E-004
6.0437E-004
1.8278E-004
6.2146E-004
1.8056E-004
6.1428E-004
1.7104E-004
6.0769E-004
1.6377E-004
6.0823E-004
1.8494E-004
6.0547E-004
1.5817E-004
6.0106E-004
1.8980E-004
6.1760E-004
1.9144E-004
6.0106E-004
1.7049E-004
5.8944E-004
1.6435E-004
6.2258E-004
1.6377E-004
1.7049E-004
5.9939E-004
1.7384E-004
1.6377E-004
6.2809E-004
1.8980E-004
6.0933E-004
1.6824E-004
6.0987E-004
1.6322E-004
6.2921E-004
1.6322E-004
6.1541E-004
1.6489E-004
6.2921E-004
1.8819E-004
6.3085E-004
1.6264E-004
6.1486E-004
1.7217E-004
6.1650E-004
1.6377E-004
6.2699E-004
1.9089E-004
6.3031E-004
1.7439E-004
6.2258E-004
1.7664E-004
6.1760E-004
1.6824E-004
6.4688E-004
1.8764E-004
6.3748E-004
1.8603E-004
6.3140E-004
1.8224E-004
6.4688E-004
1.8224E-004
6.5572E-004
1.7664E-004
6.2866E-004
1.7998E-004
6.3693E-004
1.7551E-004
1.8224E-004
1.8494E-004
6.5132E-004
1.9250E-004
6.4025E-004
1.8111E-004
6.6181E-004
1.9035E-004
6.4578E-004
1.9524E-004
6.2699E-004
6.4688E-004
1.7271E-004
6.4466E-004
1.8980E-004
6.5682E-004
1.7998E-004
6.3471E-004
1.9089E-004
6.3584E-004
1.9089E-004
6.4855E-004
1.7664E-004
6.2204E-004
2.1415E-004
6.4189E-004
1.9469E-004
6.3693E-004
1.8819E-004
6.2754E-004
2.0441E-004
6.1760E-004
6.0215E-004
6.4910E-004
1.8111E-004
6.2535E-004
2.0605E-004
6.3307E-004
1.9845E-004
6.1982E-004
1.9955E-004
6.2866E-004
2.1145E-004
5.6341E-004
2.0116E-004
6.3362E-004
2.0659E-004
5.8890E-004
2.1576E-004
6.1872E-004
2.1251E-004
5.9388E-004
6.0325E-004
6.2477E-004
2.3523E-004
5.3240E-004
2.4067E-004
5.9717E-004
2.7326E-004
5.8890E-004
2.3417E-004
5.4623E-004
2.1956E-004
4.6998E-004
5.4459E-004
2.0280E-004
4.7162E-004
2.8928E-004
4.5260E-004
3.5473E-004
4.8780E-004
2.7159E-004
5.1010E-004
3.6737E-004
4.6454E-004
2.7712E-004
3.7178E-004
2.5392E-004
4.4720E-004
3.7892E-004
5.3848E-004
3.7838E-004
4.3311E-004
3.8114E-004
4.1248E-004
3.5913E-004
4.2172E-004
3.3085E-004
4.3796E-004
7.0975E-004
3.4974E-004
3.9652E-004
3.6245E-004
3.7673E-004
2.5833E-004
4.5370E-004
3.9379E-004
5.3793E-004
3.2033E-004
6.3031E-004
3.0978E-004
5.7950E-004
2.2011E-004
5.7117E-004
2.0064E-004
7.2815E-004
2.9482E-004
6.9501E-004
3.2197E-004
6.1705E-004
2.7271E-004
5.6010E-004
7.2165E-004
2.5283E-004
6.6126E-004
2.3092E-004
6.7841E-004
2.0550E-004
5.2239E-004
7.0489E-004
2.1036E-004
7.0653E-004
2.3578E-004
7.1949E-004
1.9414E-004
2.0659E-004
7.3787E-004
6.7178E-004
1.8819E-004
7.2760E-004
2.0930E-004
7.1949E-004
1.8385E-004
7.2651E-004
1.4755E-004
6.7895E-004
1.9305E-004
7.1570E-004
1.6377E-004
7.1570E-004
1.7329E-004
6.1760E-004
1.9794E-004
6.3471E-004
1.7104E-004
7.0868E-004
1.7944E-004
6.9224E-004
1.6042E-004
6.7509E-004
1.8166E-004
7.1464E-004
1.7609E-004
1.6824E-004
1.5708E-004
5.4459E-004
1.7944E-004
5.7728E-004
1.6824E-004
1.7162E-004
1.5370E-004
6.2809E-004
1.7104E-004
5.1290E-004
1.7497E-004
5.1010E-004
1.7609E-004
4.6943E-004
1.9199E-004
5.1847E-004
1.7831E-004
5.4125E-004
5.0395E-004
1.9199E-004
5.2014E-004
1.7271E-004
5.0228E-004
1.7497E-004
5.2239E-004
1.5315E-004
4.9894E-004
2.0441E-004
4.9894E-004
1.8166E-004
5.1567E-004
5.0508E-004
1.9250E-004
5.0453E-004
2.2661E-004
5.1345E-004
1.9575E-004
5.0843E-004
1.7831E-004
5.8890E-004
2.0981E-004
4.9784E-004
2.2172E-004
5.3240E-004
2.4285E-004
5.9774E-004
2.0170E-004
5.7339E-004
2.0766E-004
2.3362E-004
5.7172E-004
2.2551E-004
6.2258E-004
2.1525E-004
6.0878E-004
2.5447E-004
5.2516E-004
2.3471E-004
5.8613E-004
2.4453E-004
5.5733E-004
2.5116E-004
2.3417E-004
6.2036E-004
6.1596E-004
2.3307E-004
6.0769E-004
2.5888E-004
6.1486E-004
2.2011E-004
6.6570E-004
2.3523E-004
6.3140E-004
2.4067E-004
2.5170E-004
6.8339E-004
2.3362E-004
6.5627E-004
2.4894E-004
6.3915E-004
