5.7721E-004
5.8079E-004
5.6958E-004
5.7800E-004
5.6846E-004
5.6810E-004
5.7856E-004
5.6786E-004
5.7196E-004
5.5496E-004
5.6388E-004
5.6517E-004
5.5867E-004
5.6118E-004
5.5630E-004
5.5899E-004
5.6108E-004
5.5389E-004
5.5318E-004
5.5141E-004
5.4813E-004
5.5503E-004
5.4616E-004
5.4835E-004
5.4811E-004
5.4665E-004
5.4632E-004
5.4623E-004
5.4719E-004
5.4355E-004
5.4208E-004
5.4516E-004
5.4185E-004
5.4341E-004
5.4132E-004
5.4085E-004
5.4062E-004
5.3678E-004
5.3703E-004
5.3524E-004
5.4102E-004
5.3752E-004
5.4055E-004
5.3633E-004
5.3631E-004
5.3528E-004
5.3578E-004
5.3495E-004
5.3142E-004
5.3294E-004
5.2478E-004
5.3109E-004
5.2650E-004
5.2724E-004
5.2735E-004
5.2528E-004
5.2811E-004
5.2391E-004
5.1759E-004
5.2018E-004
5.1810E-004
5.1328E-004
5.1332E-004
5.1051E-004
5.0347E-004
5.0473E-004
5.0546E-004
4.9952E-004
4.9894E-004
4.9342E-004
4.8985E-004
4.9217E-004
4.8652E-004
4.8368E-004
4.7691E-004
4.6787E-004
4.7807E-004
4.5849E-004
4.6273E-004
4.6365E-004
4.4964E-004
4.5893E-004
4.4808E-004
4.3499E-004
4.3358E-004
4.2985E-004
4.3974E-004
4.2138E-004
4.1104E-004
4.2826E-004
4.0108E-004
4.1233E-004
3.9535E-004
4.0362E-004
3.9564E-004
3.8456E-004
3.8265E-004
3.7025E-004
3.6410E-004
3.7380E-004
3.5977E-004
3.6618E-004
3.4844E-004
3.4547E-004
3.4869E-004
3.2740E-004
3.3670E-004
3.1511E-004
3.3048E-004
3.2378E-004
3.0616E-004
3.1360E-004
3.0841E-004
2.9854E-004
2.9716E-004
2.8350E-004
2.8922E-004
2.6805E-004
2.6202E-004
2.7263E-004
2.5632E-004
2.6601E-004
2.4310E-004
2.4640E-004
2.5476E-004
2.4453E-004
2.3503E-004
2.3143E-004
2.2246E-004
2.3148E-004
2.2283E-004
2.1506E-004
2.0574E-004
2.1464E-004
2.1702E-004
2.0565E-004
1.9652E-004
1.9180E-004
1.9545E-004
1.9648E-004
1.8919E-004
1.9455E-004
1.8242E-004
1.8416E-004
1.8262E-004
1.7561E-004
1.7890E-004
1.6480E-004
1.6589E-004
1.7063E-004
1.6156E-004
1.6467E-004
1.6391E-004
1.6161E-004
1.6491E-004
1.6017E-004
1.5865E-004
1.5477E-004
1.5102E-004
1.5034E-004
1.5169E-004
1.4872E-004
1.4505E-004
1.4603E-004
1.4563E-004
1.4516E-004
1.4322E-004
1.4711E-004
1.4157E-004
1.4355E-004
1.4335E-004
1.4108E-004
1.4661E-004
1.4331E-004
1.4279E-004
1.4083E-004
1.4215E-004
1.4040E-004
1.4056E-004
1.3978E-004
1.4503E-004
1.4114E-004
1.3913E-004
1.4280E-004
1.4318E-004
1.4715E-004
1.4204E-004
1.4460E-004
1.4923E-004
1.4409E-004
1.4347E-004
1.4329E-004
1.4988E-004
1.5019E-004
1.4666E-004
1.5173E-004
1.5019E-004
1.5435E-004
1.5446E-004
1.5448E-004
1.6060E-004
1.5993E-004
1.5785E-004
1.6152E-004
1.6649E-004
1.7050E-004
1.6880E-004
1.7186E-004
1.7145E-004
1.7378E-004
1.8198E-004
1.7724E-004
1.7813E-004
1.8343E-004
1.8093E-004
1.8989E-004
1.8760E-004
1.8711E-004
1.8892E-004
1.9198E-004
1.9801E-004
2.0068E-004
2.0206E-004
2.0327E-004
2.0273E-004
2.1877E-004
2.1314E-004
2.0966E-004
2.1354E-004
2.1848E-004
2.3081E-004
2.3418E-004
2.2694E-004
2.3863E-004
2.3588E-004
2.5337E-004
2.4830E-004
2.4725E-004
2.6025E-004
2.5875E-004
2.5846E-004
2.7777E-004
2.7359E-004
2.7866E-004
2.7893E-004
2.8683E-004
2.7738E-004
2.8214E-004
2.9635E-004
2.9758E-004
3.0073E-004
3.0556E-004
3.0374E-004
3.1806E-004
3.2660E-004
3.2157E-004
3.3187E-004
3.2687E-004
3.5088E-004
3.4536E-004
3.5287E-004
3.5430E-004
3.6082E-004
3.8017E-004
3.7688E-004
3.6980E-004
3.8972E-004
3.7570E-004
3.9848E-004
3.8877E-004
4.0813E-004
4.0670E-004
4.0834E-004
4.3137E-004
4.2819E-004
4.3655E-004
4.3700E-004
4.1957E-004
4.5609E-004
4.6136E-004
4.6376E-004
4.6270E-004
4.6436E-004
4.7658E-004
4.8419E-004
4.9517E-004
5.0271E-004
4.8920E-004
5.0549E-004
5.0714E-004
5.1435E-004
5.2161E-004
5.2269E-004
5.3539E-004
5.3799E-004
5.4761E-004
5.5650E-004
5.3729E-004
5.5907E-004
5.5919E-004
5.6328E-004
5.6767E-004
5.6830E-004
5.8307E-004
5.8340E-004
5.7983E-004
5.9415E-004
5.8865E-004
5.8291E-004
5.8771E-004
5.9205E-004
6.0130E-004
5.9549E-004
5.9828E-004
6.1742E-004
6.0943E-004
6.1123E-004
6.1410E-004
6.1333E-004
6.1823E-004
6.1023E-004
6.2107E-004
6.1457E-004
6.1865E-004
6.2082E-004
6.2109E-004
6.1150E-004
6.1195E-004
6.2421E-004
6.1591E-004
6.1604E-004
6.1704E-004
6.2080E-004
6.1715E-004
6.1278E-004
6.1429E-004
6.0862E-004
6.1561E-004
6.1396E-004
6.1409E-004
6.0864E-004
6.0152E-004
6.1117E-004
6.0502E-004
6.0587E-004
6.0091E-004
6.0091E-004
6.0607E-004
5.9658E-004
5.9278E-004
5.9361E-004
5.9799E-004
5.9546E-004
5.8561E-004
5.8671E-004
5.9515E-004
5.8273E-004
5.8537E-004
5.7574E-004
5.7502E-004
5.7956E-004
5.7889E-004
5.7815E-004
5.6957E-004
5.6839E-004
5.7076E-004
5.6765E-004
5.6732E-004
5.5988E-004
5.5783E-004
5.6316E-004
5.5668E-004
5.5653E-004
5.5496E-004
5.5362E-004
5.6010E-004
5.4942E-004
5.5139E-004
5.4679E-004
5.4833E-004
5.5266E-004
5.4840E-004
5.4614E-004
5.4670E-004
5.4183E-004
5.4817E-004
5.4212E-004
5.4228E-004
5.4029E-004
5.4147E-004
5.4375E-004
5.4176E-004
5.3944E-004
5.4149E-004
5.3566E-004
5.3928E-004
5.3977E-004
5.3774E-004
5.3620E-004
5.3656E-004
5.3511E-004
5.3578E-004
5.3604E-004
5.3294E-004
5.3323E-004
5.3035E-004
5.2990E-004
5.2747E-004
5.3231E-004
5.3142E-004
5.3205E-004
5.2447E-004
5.2362E-004
5.2132E-004
5.2298E-004
5.2423E-004
5.2391E-004
5.1793E-004
5.1770E-004
5.1170E-004
5.1489E-004
5.0812E-004
5.1409E-004
5.1071E-004
5.0119E-004
5.0448E-004
4.9697E-004
4.9709E-004
4.9416E-004
4.8400E-004
4.9222E-004
4.8207E-004
4.8361E-004
4.8225E-004
4.7486E-004
4.7506E-004
4.5145E-004
4.5884E-004
4.7072E-004
4.5759E-004
4.5238E-004
4.3994E-004
4.4615E-004
4.4209E-004
4.3031E-004
4.3425E-004
4.2346E-004
4.1626E-004
4.1618E-004
4.0485E-004
4.1430E-004
3.9354E-004
3.9551E-004
3.9533E-004
3.8805E-004
3.9835E-004
3.6861E-004
3.6440E-004
3.7422E-004
3.4896E-004
3.5848E-004
3.4501E-004
3.5037E-004
3.4795E-004
3.2564E-004
3.4362E-004
3.2025E-004
3.1109E-004
3.1817E-004
3.0307E-004
3.1817E-004
2.9836E-004
2.8677E-004
2.9660E-004
2.8701E-004
2.9226E-004
2.6912E-004
2.6628E-004
2.8208E-004
2.6182E-004
2.6961E-004
2.4718E-004
2.5324E-004
2.5317E-004
2.4412E-004
2.4423E-004
2.3224E-004
2.2943E-004
2.4475E-004
2.2770E-004
2.3032E-004
2.1647E-004
2.1193E-004
2.0575E-004
2.0548E-004
2.0152E-004
1.9457E-004
1.9056E-004
1.9788E-004
1.8511E-004
1.8693E-004
1.7840E-004
1.7862E-004
1.8441E-004
1.7508E-004
1.8287E-004
1.6632E-004
1.6408E-004
1.6381E-004
1.6594E-004
1.6676E-004
1.6339E-004
1.5977E-004
1.5416E-004
1.6073E-004
1.5653E-004
1.5579E-004
1.4713E-004
1.5312E-004
1.4800E-004
1.5135E-004
1.4326E-004
1.4662E-004
1.4771E-004
1.4146E-004
1.4818E-004
1.4040E-004
1.3897E-004
1.3998E-004
1.4188E-004
1.4036E-004
1.3734E-004
1.3886E-004
1.3848E-004
1.4565E-004
1.3851E-004
1.3955E-004
1.4018E-004
1.3942E-004
1.4070E-004
1.4040E-004
1.4228E-004
1.4092E-004
1.4261E-004
1.4458E-004
1.4284E-004
1.4224E-004
1.4315E-004
1.4910E-004
1.4534E-004
1.4970E-004
1.4999E-004
1.4858E-004
1.5070E-004
1.5521E-004
1.5137E-004
1.5383E-004
1.5575E-004
1.5385E-004
1.6194E-004
1.6028E-004
1.5937E-004
1.6649E-004
1.6752E-004
1.6725E-004
1.6849E-004
1.7092E-004
1.7159E-004
1.7081E-004
1.7624E-004
1.8110E-004
1.7621E-004
1.8220E-004
1.8392E-004
1.8855E-004
1.9165E-004
1.8689E-004
1.9554E-004
1.9696E-004
1.9471E-004
1.9960E-004
2.0235E-004
2.0420E-004
2.0579E-004
2.0827E-004
2.1435E-004
2.1694E-004
2.1975E-004
2.1291E-004
2.2522E-004
2.3110E-004
2.3034E-004
2.2994E-004
2.3255E-004
2.4455E-004
2.4765E-004
2.4142E-004
2.5433E-004
2.5192E-004
2.5618E-004
2.7337E-004
2.6990E-004
2.8020E-004
2.7220E-004
2.7946E-004
2.9085E-004
2.8257E-004
2.9602E-004
2.8630E-004
3.0517E-004
3.0906E-004
3.1071E-004
3.1621E-004
3.1349E-004
3.1587E-004
3.3069E-004
3.3383E-004
3.3571E-004
3.3739E-004
3.5224E-004
3.5870E-004
3.5977E-004
3.6551E-004
3.6799E-004
3.7291E-004
3.8177E-004
3.8070E-004
3.9562E-004
3.9245E-004
4.0523E-004
4.0802E-004
4.0710E-004
4.1468E-004
4.2636E-004
4.4104E-004
4.4426E-004
4.3203E-004
4.5496E-004
4.5219E-004
4.6277E-004
4.6653E-004
4.6713E-004
4.8218E-004
4.9146E-004
4.9266E-004
4.9827E-004
4.9617E-004
5.0910E-004
5.0204E-004
5.1915E-004
5.2966E-004
5.1596E-004
5.3334E-004
5.3529E-004
5.4219E-004
5.4583E-004
5.4762E-004
5.4902E-004
5.5990E-004
5.6576E-004
5.7561E-004
5.7111E-004
5.8054E-004
5.7531E-004
5.7960E-004
5.8820E-004
5.9341E-004
5.9147E-004
5.8492E-004
5.9625E-004
5.9996E-004
6.0451E-004
6.0393E-004
6.0085E-004
6.0020E-004
6.1211E-004
6.0760E-004
6.0786E-004
6.0985E-004
6.1644E-004
6.1973E-004
6.0853E-004
6.2249E-004
6.1358E-004
6.2004E-004
6.2001E-004
6.1206E-004
6.1423E-004
6.1349E-004
6.2328E-004
6.2033E-004
6.1633E-004
6.1917E-004
6.1568E-004
6.1503E-004
6.1651E-004
6.2231E-004
6.1347E-004
6.0891E-004
6.0815E-004
6.1334E-004
6.0601E-004
6.0159E-004
5.9848E-004
5.9815E-004
6.0581E-004
6.0125E-004
5.9609E-004
5.9251E-004
5.9576E-004
5.8617E-004
5.9180E-004
5.9336E-004
5.8534E-004
5.8441E-004
5.8005E-004
5.8508E-004
5.7927E-004
5.7876E-004
5.7587E-004
5.7453E-004
5.7826E-004
5.6957E-004
5.7089E-004
5.7006E-004
5.6457E-004
5.7035E-004
5.6509E-004
5.6093E-004
5.5975E-004
5.6022E-004
5.6242E-004
5.5552E-004
5.5434E-004
5.5836E-004
5.5463E-004
5.5850E-004
5.5164E-004
5.4643E-004
5.4554E-004
5.4752E-004
5.4840E-004
5.4243E-004
5.4283E-004
5.4641E-004
5.4500E-004
5.4351E-004
5.4505E-004
5.4293E-004
5.4303E-004
5.4132E-004
5.3935E-004
5.3855E-004
5.4196E-004
5.3993E-004
5.3993E-004
5.3946E-004
5.3741E-004
5.3604E-004
5.3644E-004
5.3519E-004
5.3606E-004
5.3490E-004
5.3595E-004
5.3625E-004
5.3296E-004
5.3106E-004
5.3178E-004
5.3008E-004
5.3448E-004
5.2749E-004
5.2528E-004
5.2112E-004
5.2541E-004
5.2758E-004
5.1569E-004
5.2427E-004
5.1969E-004
5.1239E-004
5.1735E-004
5.1089E-004
5.0906E-004
5.1337E-004
5.0062E-004
5.1011E-004
4.9963E-004
5.0099E-004
4.9610E-004
4.8558E-004
4.9934E-004
4.7618E-004
4.7761E-004
4.8352E-004
4.7146E-004
4.7358E-004
4.6628E-004
4.5907E-004
4.6472E-004
4.6056E-004
4.6072E-004
4.4932E-004
4.4582E-004
4.4399E-004
4.3358E-004
4.4694E-004
4.1892E-004
4.2582E-004
4.2323E-004
4.1604E-004
4.0769E-004
4.0469E-004
3.9544E-004
3.9321E-004
3.8557E-004
3.9098E-004
3.7503E-004
3.6669E-004
3.8287E-004
3.5311E-004
3.6279E-004
3.5405E-004
3.4952E-004
3.4769E-004
3.3236E-004
3.3841E-004
3.2744E-004
3.1190E-004
3.3113E-004
3.1413E-004
3.1824E-004
3.0998E-004
2.9678E-004
2.9382E-004
2.7497E-004
2.8864E-004
2.7796E-004
2.7399E-004
2.6898E-004
2.6403E-004
2.7218E-004
2.5857E-004
2.4290E-004
2.4931E-004
2.4218E-004
2.5058E-004
2.4377E-004
2.3108E-004
2.2717E-004
2.2136E-004
2.2265E-004
2.1951E-004
2.0402E-004
2.1033E-004
2.0025E-004
1.9942E-004
1.9677E-004
1.9219E-004
1.9473E-004
1.8959E-004
1.9178E-004
1.8356E-004
1.8401E-004
1.8093E-004
1.8164E-004
1.7733E-004
1.6920E-004
1.6935E-004
1.6560E-004
1.6750E-004
1.6871E-004
1.6243E-004
1.5459E-004
1.5575E-004
1.5635E-004
1.5682E-004
1.5528E-004
1.5082E-004
1.5253E-004
1.5211E-004
1.5459E-004
1.4851E-004
1.4306E-004
1.4594E-004
1.4431E-004
1.4481E-004
1.4440E-004
1.3826E-004
1.4116E-004
1.4116E-004
1.3864E-004
1.3929E-004
1.4309E-004
1.3987E-004
1.4098E-004
1.4340E-004
1.3893E-004
1.3891E-004
1.4304E-004
1.3868E-004
1.4280E-004
1.4643E-004
1.4230E-004
1.4418E-004
1.4509E-004
1.4382E-004
1.4492E-004
1.4662E-004
1.4726E-004
1.4556E-004
1.4796E-004
1.4912E-004
1.5269E-004
1.4815E-004
1.5149E-004
1.5014E-004
1.5450E-004
1.5955E-004
1.5508E-004
1.5794E-004
1.5901E-004
1.5841E-004
1.6614E-004
1.6107E-004
1.6956E-004
1.6824E-004
1.6804E-004
1.6978E-004
1.7170E-004
1.7461E-004
1.7793E-004
1.8032E-004
1.8682E-004
1.8133E-004
1.8148E-004
1.8606E-004
1.8913E-004
1.9004E-004
1.9399E-004
1.9844E-004
1.9819E-004
2.0173E-004
2.0599E-004
2.0785E-004
2.0995E-004
2.1727E-004
2.1146E-004
2.1593E-004
2.1747E-004
2.3009E-004
2.2540E-004
2.2829E-004
2.3058E-004
2.3423E-004
2.4185E-004
2.4319E-004
2.3782E-004
2.6416E-004
2.4977E-004
2.5773E-004
2.6249E-004
2.5924E-004
2.7350E-004
2.6126E-004
2.8143E-004
2.8076E-004
2.8665E-004
2.9854E-004
2.8983E-004
2.9126E-004
3.0560E-004
3.0805E-004
3.1400E-004
3.1308E-004
3.1744E-004
3.1969E-004
3.1896E-004
3.3227E-004
3.2590E-004
3.4368E-004
3.4288E-004
3.4281E-004
3.6290E-004
3.5106E-004
3.7749E-004
3.7239E-004
3.7795E-004
3.8322E-004
3.8696E-004
4.0791E-004
3.9334E-004
4.0259E-004
4.2044E-004
4.2000E-004
4.2502E-004
4.3592E-004
4.2500E-004
4.4609E-004
4.4220E-004
4.5491E-004
4.6016E-004
4.6447E-004
4.7334E-004
4.8234E-004
4.7747E-004
4.9208E-004
4.8156E-004
4.9288E-004
5.0291E-004
5.0464E-004
5.1172E-004
5.1397E-004
5.2210E-004
5.2108E-004
5.3403E-004
5.4368E-004
5.3367E-004
5.5351E-004
5.4561E-004
5.6033E-004
5.6653E-004
5.6218E-004
5.6441E-004
5.6509E-004
5.7395E-004
5.9033E-004
5.7627E-004
5.9330E-004
5.8392E-004
5.8324E-004
5.9754E-004
6.0013E-004
6.0330E-004
5.9756E-004
6.0044E-004
6.1197E-004
6.0444E-004
6.0583E-004
6.0152E-004
6.0777E-004
6.0558E-004
6.1019E-004
6.2182E-004
6.1506E-004
6.1666E-004
6.1744E-004
6.1447E-004
6.1298E-004
6.1917E-004
6.1774E-004
6.2042E-004
6.1773E-004
6.1572E-004
6.1839E-004
6.1219E-004
6.1519E-004
6.1427E-004
6.1188E-004
6.1220E-004
6.1166E-004
6.0634E-004
6.1157E-004
6.0782E-004
6.1247E-004
6.0686E-004
6.0292E-004
6.0570E-004
5.9843E-004
6.0078E-004
5.9986E-004
5.9305E-004
5.9767E-004
5.9339E-004
5.9222E-004
5.9146E-004
5.8515E-004
5.8630E-004
5.8548E-004
5.7406E-004
5.7742E-004
5.7404E-004
5.8115E-004
5.7706E-004
5.7150E-004
5.7806E-004
5.6542E-004
5.6958E-004
5.6607E-004
5.6549E-004
5.5946E-004
5.6077E-004
5.6482E-004
5.5762E-004
5.5441E-004
5.5977E-004
5.5427E-004
5.5405E-004
5.4703E-004
5.4934E-004
5.5420E-004
5.4942E-004
5.5141E-004
5.5134E-004
5.4815E-004
5.4152E-004
5.4456E-004
5.3942E-004
5.4275E-004
5.4103E-004
5.4283E-004
5.4056E-004
5.4192E-004
5.3826E-004
5.3861E-004
5.3687E-004
5.4255E-004
5.3973E-004
5.4217E-004
5.3848E-004
5.3598E-004
5.3886E-004
5.4212E-004
5.3484E-004
5.3656E-004
5.3613E-004
5.3566E-004
5.3077E-004
5.3115E-004
5.3153E-004
5.2726E-004
5.3390E-004
5.2563E-004
5.2443E-004
5.2615E-004
5.2519E-004
5.2400E-004
5.2447E-004
5.2412E-004
5.2110E-004
5.1829E-004
5.1810E-004
5.1504E-004
5.1415E-004
5.0792E-004
5.1102E-004
5.0620E-004
5.0430E-004
4.9626E-004
4.9914E-004
5.0240E-004
4.9662E-004
4.8419E-004
4.8989E-004
4.8013E-004
4.8612E-004
4.7997E-004
4.7314E-004
4.6894E-004
4.6501E-004
4.6512E-004
4.5569E-004
4.6126E-004
4.4783E-004
4.3440E-004
4.5105E-004
4.4305E-004
4.3203E-004
4.3014E-004
4.2567E-004
4.3349E-004
4.1117E-004
4.1126E-004
4.0280E-004
3.9366E-004
4.1135E-004
3.8888E-004
3.9377E-004
3.8311E-004
3.6904E-004
3.7049E-004
3.5258E-004
3.5963E-004
3.5217E-004
3.5137E-004
3.5637E-004
3.4158E-004
3.3167E-004
3.3165E-004
3.1885E-004
3.2655E-004
3.0216E-004
3.0305E-004
3.0819E-004
2.8972E-004
3.0298E-004
2.8212E-004
2.8145E-004
2.8044E-004
2.6626E-004
2.7884E-004
2.6088E-004
2.5226E-004
2.5393E-004
2.4799E-004
2.5576E-004
2.4569E-004
2.4577E-004
2.3943E-004
2.1573E-004
2.3851E-004
2.2163E-004
2.1998E-004
2.1776E-004
2.1033E-004
2.1184E-004
2.0110E-004
2.0132E-004
2.0373E-004
1.9600E-004
2.0005E-004
1.9545E-004
1.9017E-004
1.8787E-004
1.8044E-004
1.8870E-004
1.7655E-004
1.7414E-004
1.7157E-004
1.7065E-004
1.8338E-004
1.6419E-004
1.6196E-004
1.6140E-004
1.5779E-004
1.5982E-004
1.5626E-004
1.5240E-004
1.5325E-004
1.5043E-004
1.5130E-004
1.5446E-004
1.4652E-004
1.4876E-004
1.4936E-004
1.5171E-004
1.4373E-004
1.4094E-004
1.4442E-004
1.4378E-004
1.4337E-004
1.4619E-004
1.4251E-004
1.4165E-004
1.4117E-004
1.4326E-004
1.4351E-004
1.4514E-004
1.4087E-004
1.4242E-004
1.4311E-004
1.4212E-004
1.3759E-004
1.4141E-004
1.4420E-004
1.4221E-004
1.4619E-004
1.4436E-004
1.4630E-004
1.4702E-004
1.4720E-004
1.4863E-004
1.4795E-004
1.4423E-004
1.5003E-004
1.5267E-004
1.5262E-004
1.5238E-004
1.5001E-004
1.5562E-004
1.5501E-004
1.5718E-004
1.6438E-004
1.5854E-004
1.6531E-004
1.6051E-004
1.6692E-004
1.7110E-004
1.6743E-004
1.7101E-004
1.6795E-004
1.7487E-004
1.7592E-004
1.6922E-004
1.8233E-004
1.8124E-004
1.8260E-004
1.8461E-004
1.8578E-004
1.9250E-004
1.9578E-004
1.9862E-004
1.9583E-004
1.9495E-004
2.0244E-004
2.0068E-004
2.0597E-004
2.2053E-004
2.1251E-004
2.2735E-004
2.2505E-004
2.2437E-004
2.3583E-004
2.3228E-004
2.3802E-004
2.4205E-004
2.3937E-004
2.5344E-004
2.4855E-004
2.4888E-004
2.5833E-004
2.6117E-004
2.6838E-004
2.6088E-004
2.6678E-004
2.7461E-004
2.7991E-004
2.9441E-004
2.7727E-004
2.9563E-004
2.9579E-004
3.0298E-004
3.1342E-004
3.0544E-004
3.1911E-004
3.1871E-004
3.2048E-004
3.3384E-004
3.2610E-004
3.3993E-004
3.3267E-004
3.3317E-004
3.5543E-004
3.4912E-004
3.6792E-004
3.6488E-004
3.5905E-004
3.9221E-004
3.7724E-004
3.9144E-004
4.0083E-004
4.0342E-004
