6.2368E-004
6.1541E-004
5.8558E-004
6.0547E-004
5.9607E-004
5.8890E-004
5.6563E-004
6.1155E-004
6.1209E-004
5.8005E-004
5.9829E-004
6.1097E-004
5.9552E-004
5.9276E-004
5.6010E-004
5.8944E-004
2.1525E-004
1.8056E-004
2.2226E-004
1.7776E-004
1.9250E-004
1.9414E-004
2.3146E-004
2.0605E-004
2.3687E-004
2.0441E-004
2.5283E-004
2.1795E-004
2.2336E-004
2.4951E-004
2.6055E-004
5.2574E-004
2.4951E-004
2.5061E-004
3.3085E-004
2.6718E-004
2.5225E-004
2.6441E-004
2.9427E-004
3.1367E-004
2.8874E-004
5.0730E-004
4.7998E-004
4.2226E-004
3.8883E-004
4.3960E-004
4.9672E-004
4.8166E-004
4.7886E-004
3.2365E-004
4.0148E-004
4.2007E-004
3.8938E-004
3.5804E-004
3.8333E-004
4.0312E-004
3.7397E-004
3.5637E-004
3.5083E-004
3.6628E-004
2.9646E-004
3.4585E-004
3.5749E-004
3.1033E-004
4.0807E-004
3.0090E-004
2.8652E-004
2.8098E-004
3.2477E-004
3.0257E-004
2.3632E-004
3.7673E-004
2.7548E-004
2.3253E-004
2.8320E-004
2.9205E-004
2.5225E-004
2.9427E-004
2.2661E-004
2.9482E-004
5.9607E-004
7.1840E-004
6.3803E-004
7.3195E-004
6.0601E-004
6.5463E-004
7.3246E-004
6.8726E-004
6.8449E-004
7.2381E-004
7.2545E-004
7.1518E-004
7.4327E-004
7.4057E-004
7.0489E-004
7.2220E-004
7.2220E-004
7.2435E-004
6.0547E-004
7.2490E-004
7.2165E-004
6.8726E-004
7.4816E-004
6.6734E-004
6.9723E-004
7.3246E-004
1.6210E-004
1.8928E-004
1.6377E-004
1.6322E-004
1.7217E-004
1.7439E-004
1.8333E-004
1.7217E-004
1.7384E-004
6.6181E-004
5.4401E-004
7.1029E-004
6.2866E-004
1.6489E-004
1.7104E-004
1.6210E-004
5.9552E-004
6.1428E-004
5.5180E-004
6.0823E-004
5.2516E-004
5.4569E-004
5.7284E-004
1.6882E-004
1.5930E-004
1.7998E-004
1.5428E-004
1.6657E-004
1.5984E-004
1.4643E-004
1.6489E-004
1.7271E-004
1.5650E-004
1.8603E-004
1.8111E-004
1.7664E-004
1.7831E-004
1.7384E-004
1.9575E-004
2.0550E-004
1.7162E-004
1.9955E-004
1.6264E-004
1.7609E-004
1.8819E-004
1.6489E-004
2.0064E-004
1.7886E-004
5.4845E-004
5.0508E-004
5.1679E-004
5.4125E-004
5.0006E-004
5.2905E-004
5.3185E-004
5.1567E-004
5.4347E-004
5.0897E-004
5.4623E-004
5.5067E-004
5.3349E-004
5.4736E-004
5.2850E-004
5.6065E-004
6.0823E-004
5.6618E-004
5.8282E-004
5.2905E-004
5.6509E-004
5.8060E-004
5.6895E-004
5.8005E-004
2.2931E-004
2.2982E-004
2.3201E-004
2.0981E-004
2.3578E-004
2.3037E-004
2.4231E-004
2.3253E-004
2.3957E-004
2.3793E-004
2.3146E-004
2.2767E-004
6.4855E-004
6.3915E-004
6.3639E-004
6.4134E-004
6.1264E-004
2.3793E-004
2.3578E-004
2.2712E-004
2.4839E-004
2.4562E-004
2.4562E-004
2.3307E-004
2.4951E-004
2.5338E-004
2.5556E-004
2.3632E-004
2.3742E-004
2.3903E-004
2.3687E-004
2.5283E-004
2.5170E-004
2.3146E-004
2.4729E-004
2.4894E-004
2.5170E-004
2.5170E-004
2.3523E-004
2.4285E-004
2.2606E-004
2.4839E-004
2.2767E-004
2.3037E-004
2.4951E-004
2.2606E-004
6.6016E-004
6.4964E-004
6.5186E-004
2.3903E-004
2.3037E-004
2.0930E-004
2.4176E-004
2.3362E-004
2.3903E-004
2.0875E-004
2.0711E-004
2.0334E-004
6.2477E-004
6.3748E-004
2.1525E-004
2.0981E-004
1.9794E-004
2.0711E-004
2.2117E-004
2.2011E-004
2.1740E-004
2.0875E-004
2.0389E-004
2.2767E-004
1.9524E-004
1.8549E-004
2.0225E-004
1.9089E-004
1.9739E-004
1.8874E-004
1.8278E-004
2.0170E-004
1.8928E-004
2.0820E-004
2.0064E-004
1.7998E-004
1.9845E-004
1.8224E-004
2.0334E-004
1.8928E-004
1.6991E-004
1.8166E-004
1.8928E-004
5.9166E-004
1.9035E-004
1.8819E-004
1.9900E-004
1.6824E-004
6.1097E-004
1.8764E-004
1.6882E-004
1.8439E-004
1.7551E-004
1.7384E-004
1.7329E-004
1.7104E-004
1.7104E-004
1.8056E-004
1.7551E-004
1.8385E-004
6.3693E-004
5.9388E-004
6.2644E-004
6.1705E-004
6.0215E-004
5.8999E-004
6.1760E-004
6.1097E-004
6.2258E-004
6.1650E-004
6.0987E-004
6.1155E-004
6.2313E-004
6.2204E-004
6.1818E-004
6.3140E-004
1.8494E-004
1.6155E-004
1.7271E-004
1.7776E-004
1.6042E-004
1.5708E-004
1.8166E-004
6.2368E-004
6.3031E-004
6.1982E-004
6.3803E-004
6.3693E-004
6.1818E-004
6.1927E-004
6.2921E-004
6.3584E-004
6.1541E-004
6.4411E-004
6.5682E-004
6.2535E-004
6.2258E-004
6.2036E-004
6.3693E-004
6.3803E-004
6.3915E-004
6.3031E-004
6.2313E-004
6.4466E-004
6.1705E-004
6.2258E-004
6.4964E-004
6.4301E-004
6.3748E-004
6.5682E-004
6.3362E-004
6.4411E-004
6.5350E-004
6.5019E-004
6.2866E-004
6.4411E-004
6.3031E-004
6.3748E-004
6.4633E-004
1.7384E-004
1.7104E-004
1.7329E-004
1.8980E-004
1.8710E-004
1.5708E-004
1.7384E-004
1.8056E-004
1.9575E-004
1.7664E-004
1.7944E-004
1.9089E-004
1.8549E-004
6.4855E-004
6.6181E-004
6.4189E-004
6.1760E-004
6.2422E-004
6.3253E-004
6.2699E-004
6.4742E-004
6.2921E-004
6.3639E-004
6.3915E-004
6.3307E-004
1.9739E-004
1.9524E-004
2.0064E-004
1.9250E-004
1.9089E-004
1.9575E-004
1.7831E-004
1.9305E-004
1.9900E-004
1.8439E-004
1.7217E-004
1.8764E-004
1.9955E-004
1.8603E-004
1.9144E-004
1.8980E-004
1.9359E-004
2.1686E-004
2.0116E-004
1.8710E-004
1.8928E-004
1.9524E-004
1.8549E-004
1.7439E-004
2.0170E-004
1.8874E-004
2.0550E-004
6.2809E-004
6.5132E-004
6.2036E-004
6.3526E-004
6.1872E-004
6.4025E-004
1.9359E-004
1.9359E-004
1.9414E-004
1.9035E-004
1.7049E-004
1.7497E-004
1.8764E-004
2.0064E-004
1.8549E-004
1.7831E-004
1.9250E-004
2.0064E-004
1.8980E-004
1.9739E-004
2.0605E-004
1.8710E-004
1.9524E-004
1.9794E-004
6.2091E-004
6.2091E-004
6.2477E-004
6.1155E-004
6.4134E-004
6.4301E-004
6.3140E-004
6.2754E-004
6.3140E-004
6.2422E-004
6.2422E-004
6.3198E-004
6.4742E-004
6.2921E-004
6.1818E-004
6.3970E-004
1.8710E-004
2.0280E-004
1.9955E-004
1.9089E-004
1.7162E-004
1.7998E-004
1.7831E-004
1.8278E-004
1.7664E-004
1.9144E-004
1.9035E-004
1.8111E-004
2.0766E-004
1.7439E-004
1.8874E-004
6.1428E-004
6.1982E-004
6.3970E-004
6.4910E-004
6.5958E-004
6.3362E-004
6.3857E-004
6.3307E-004
6.5518E-004
6.6071E-004
1.8439E-004
1.8111E-004
1.8439E-004
1.8333E-004
1.8928E-004
1.7497E-004
1.8764E-004
1.7998E-004
1.7998E-004
1.8278E-004
1.8819E-004
1.8494E-004
1.8224E-004
1.7162E-004
1.6769E-004
1.7664E-004
1.9524E-004
1.8056E-004
1.8819E-004
1.9359E-004
1.6991E-004
1.8710E-004
2.0334E-004
1.6991E-004
1.7831E-004
6.4520E-004
6.5350E-004
6.3253E-004
6.3085E-004
6.6570E-004
6.4633E-004
6.3915E-004
1.8710E-004
1.7049E-004
1.5315E-004
1.8874E-004
1.7886E-004
1.6544E-004
6.3362E-004
6.5132E-004
6.4025E-004
6.4578E-004
6.3584E-004
6.3639E-004
6.4466E-004
6.3748E-004
6.3693E-004
6.4079E-004
6.3915E-004
6.5405E-004
6.4134E-004
6.3140E-004
6.3417E-004
6.5572E-004
6.5794E-004
6.5682E-004
6.2866E-004
6.5518E-004
6.4688E-004
6.3584E-004
6.1927E-004
6.3748E-004
6.3584E-004
6.3417E-004
6.3031E-004
6.3085E-004
6.1705E-004
6.2590E-004
6.3085E-004
6.1982E-004
6.4411E-004
6.3584E-004
6.2809E-004
6.2146E-004
6.2146E-004
6.2866E-004
6.0325E-004
6.3915E-004
6.1927E-004
6.2921E-004
6.2976E-004
5.9662E-004
6.1428E-004
6.2535E-004
6.2313E-004
6.0161E-004
1.9305E-004
2.0009E-004
1.7886E-004
1.9305E-004
5.8726E-004
6.0437E-004
6.0547E-004
5.8726E-004
5.7728E-004
5.8558E-004
5.8890E-004
6.0601E-004
5.7783E-004
5.7229E-004
5.9993E-004
5.8114E-004
5.6509E-004
5.7670E-004
5.4623E-004
5.8504E-004
5.9276E-004
5.3903E-004
5.6509E-004
4.7944E-004
5.0621E-004
5.5289E-004
2.5724E-004
2.4784E-004
3.1200E-004
3.3587E-004
3.0646E-004
3.6737E-004
3.0312E-004
4.6943E-004
3.6300E-004
3.1811E-004
3.2863E-004
2.7879E-004
3.3529E-004
4.8220E-004
2.7104E-004
4.1084E-004
3.7233E-004
3.2365E-004
4.7274E-004
4.5589E-004
3.6518E-004
4.3581E-004
4.3037E-004
3.9324E-004
3.3420E-004
5.5289E-004
3.6187E-004
4.4121E-004
3.9984E-004
4.3256E-004
3.5083E-004
2.7435E-004
4.8835E-004
6.8948E-004
5.2963E-004
6.2091E-004
6.5350E-004
6.0933E-004
5.9662E-004
5.2072E-004
6.8227E-004
5.7007E-004
6.4910E-004
6.6901E-004
6.4025E-004
2.4894E-004
2.1361E-004
2.6608E-004
1.9955E-004
2.6386E-004
2.6277E-004
1.8874E-004
2.6055E-004
2.1576E-004
7.2274E-004
6.8671E-004
7.0704E-004
7.1895E-004
7.3465E-004
7.2870E-004
7.2599E-004
1.9144E-004
2.3092E-004
1.8764E-004
1.8819E-004
2.0875E-004
1.6882E-004
1.8874E-004
1.6489E-004
1.8056E-004
1.9250E-004
1.8603E-004
2.0605E-004
1.6882E-004
1.9739E-004
1.8385E-004
1.7551E-004
7.1949E-004
5.9607E-004
6.2204E-004
6.6235E-004
5.7117E-004
6.3915E-004
5.9552E-004
6.0656E-004
6.8172E-004
6.5405E-004
1.6097E-004
5.2628E-004
5.1904E-004
6.1155E-004
5.3349E-004
1.8603E-004
1.6210E-004
1.6991E-004
6.2258E-004
5.1959E-004
5.7339E-004
5.4237E-004
5.2294E-004
4.9784E-004
5.2905E-004
5.3516E-004
5.3626E-004
5.2181E-004
4.9839E-004
5.0286E-004
4.9224E-004
5.0621E-004
5.0843E-004
4.7944E-004
5.0006E-004
5.2574E-004
5.0228E-004
5.3349E-004
5.1065E-004
5.1679E-004
5.3738E-004
5.1847E-004
5.1065E-004
1.6769E-004
1.6882E-004
1.7551E-004
1.7609E-004
1.7609E-004
1.6322E-004
1.7551E-004
1.9955E-004
1.8658E-004
1.8710E-004
1.8980E-004
1.9089E-004
2.0659E-004
2.0009E-004
2.0875E-004
2.2497E-004
5.0955E-004
5.9388E-004
5.8944E-004
5.3793E-004
6.0215E-004
5.5621E-004
5.8504E-004
6.2091E-004
5.6509E-004
6.3198E-004
5.9443E-004
6.1097E-004
5.9829E-004
2.2821E-004
2.2336E-004
2.2767E-004
2.3957E-004
2.4231E-004
2.2226E-004
2.5170E-004
2.0225E-004
2.4507E-004
2.6277E-004
2.2497E-004
2.4839E-004
2.2226E-004
6.5904E-004
6.2258E-004
6.1927E-004
6.6126E-004
6.5186E-004
6.6734E-004
6.6847E-004
6.7287E-004
6.4466E-004
6.5682E-004
6.5904E-004
6.6235E-004
6.4797E-004
6.5572E-004
6.5463E-004
6.2313E-004
6.8117E-004
6.6847E-004
6.5849E-004
6.4356E-004
2.6441E-004
2.4398E-004
2.3362E-004
2.3417E-004
2.2551E-004
2.2982E-004
2.2821E-004
2.4285E-004
2.6222E-004
2.3903E-004
2.3742E-004
2.4617E-004
2.4894E-004
2.3417E-004
2.0389E-004
2.3523E-004
2.2172E-004
6.3198E-004
6.3639E-004
1.8764E-004
2.3201E-004
2.3037E-004
2.3903E-004
2.0550E-004
2.5061E-004
2.5006E-004
6.2368E-004
6.2146E-004
5.8999E-004
6.0769E-004
6.2754E-004
5.9829E-004
6.1209E-004
6.2368E-004
1.8549E-004
1.9845E-004
5.9552E-004
6.1209E-004
6.0215E-004
6.2036E-004
6.0379E-004
6.0601E-004
5.8944E-004
6.0823E-004
6.1982E-004
5.9552E-004
5.9443E-004
6.1705E-004
6.1541E-004
5.9993E-004
6.1042E-004
6.0547E-004
6.0933E-004
5.9443E-004
6.0325E-004
6.0769E-004
6.1097E-004
6.0547E-004
6.0933E-004
6.0769E-004
6.0215E-004
6.1042E-004
6.0711E-004
5.9498E-004
6.1486E-004
6.2036E-004
6.1596E-004
6.1097E-004
6.0878E-004
6.1155E-004
6.3857E-004
1.7609E-004
1.7551E-004
1.7271E-004
1.6769E-004
1.7329E-004
1.7664E-004
1.5482E-004
1.8494E-004
1.6264E-004
1.7944E-004
1.6882E-004
1.5875E-004
1.6602E-004
1.7664E-004
1.8549E-004
1.7664E-004
1.7049E-004
1.6602E-004
1.8278E-004
6.3085E-004
6.1872E-004
6.0933E-004
6.2204E-004
6.2809E-004
6.4247E-004
6.2368E-004
6.3584E-004
6.3915E-004
6.3748E-004
6.2313E-004
6.4356E-004
6.1705E-004
6.3307E-004
6.2036E-004
6.3140E-004
6.3471E-004
6.2699E-004
6.3198E-004
6.3198E-004
1.8111E-004
1.6991E-004
1.7886E-004
1.7831E-004
1.6657E-004
1.8333E-004
1.8056E-004
1.6882E-004
1.9845E-004
1.7609E-004
1.6602E-004
1.9359E-004
6.2368E-004
6.3031E-004
6.3857E-004
6.4079E-004
6.2866E-004
6.4301E-004
6.4466E-004
6.3803E-004
1.8764E-004
1.9250E-004
1.8874E-004
1.8874E-004
1.9414E-004
6.3748E-004
6.4134E-004
6.3031E-004
6.4520E-004
6.5074E-004
6.3362E-004
6.2590E-004
6.3417E-004
6.6457E-004
1.9305E-004
1.8549E-004
1.9144E-004
1.7831E-004
1.8439E-004
1.8819E-004
1.8385E-004
1.7664E-004
1.9524E-004
6.2204E-004
6.3140E-004
6.3085E-004
1.7162E-004
1.9359E-004
1.8819E-004
1.7886E-004
1.6991E-004
2.0981E-004
1.8603E-004
1.8333E-004
1.8928E-004
1.9089E-004
1.9630E-004
2.1090E-004
1.8494E-004
1.9900E-004
1.8385E-004
1.8224E-004
1.6937E-004
1.8819E-004
1.9144E-004
6.4411E-004
6.3085E-004
6.4466E-004
6.2258E-004
1.8928E-004
2.0116E-004
2.0009E-004
2.0389E-004
1.9575E-004
1.8980E-004
1.7384E-004
1.9684E-004
1.8278E-004
1.8658E-004
1.9900E-004
2.1036E-004
1.9359E-004
1.9845E-004
1.7551E-004
1.7886E-004
1.8224E-004
2.0009E-004
6.2809E-004
6.3693E-004
6.3198E-004
6.3748E-004
6.1982E-004
6.2313E-004
6.1760E-004
1.7776E-004
1.9199E-004
1.9630E-004
1.7551E-004
2.0441E-004
1.7329E-004
6.3198E-004
6.1650E-004
6.3693E-004
6.3803E-004
6.2809E-004
6.3915E-004
6.3085E-004
6.4079E-004
6.4134E-004
6.3253E-004
6.3307E-004
1.7439E-004
1.9739E-004
1.8980E-004
6.3140E-004
6.3085E-004
6.3253E-004
6.2866E-004
6.4411E-004
6.2313E-004
1.7719E-004
1.9144E-004
1.8494E-004
2.0875E-004
1.8603E-004
1.7329E-004
1.8224E-004
1.7609E-004
1.8224E-004
1.7664E-004
6.4025E-004
6.5740E-004
1.9250E-004
1.9845E-004
1.8874E-004
1.9524E-004
1.8385E-004
1.6711E-004
1.6210E-004
1.8278E-004
1.8603E-004
1.6544E-004
1.7049E-004
1.8385E-004
2.0334E-004
1.9845E-004
1.6544E-004
1.8224E-004
1.8439E-004
1.4363E-004
1.8549E-004
1.6711E-004
6.5019E-004
6.3253E-004
6.5132E-004
6.5740E-004
6.5186E-004
6.5463E-004
6.5074E-004
6.4356E-004
6.5518E-004
6.5627E-004
6.3085E-004
6.1872E-004
6.4466E-004
1.7551E-004
1.9199E-004
1.7998E-004
1.7497E-004
1.8819E-004
1.6097E-004
1.7049E-004
1.6489E-004
6.4247E-004
6.5019E-004
6.5186E-004
6.4578E-004
6.3748E-004
1.6991E-004
1.7162E-004
1.6602E-004
1.8385E-004
1.5260E-004
1.7609E-004
1.6937E-004
1.7384E-004
1.5260E-004
1.7049E-004
1.8166E-004
1.7497E-004
1.8494E-004
1.4868E-004
6.3693E-004
6.2091E-004
6.5074E-004
1.7831E-004
1.7551E-004
1.6882E-004
1.8385E-004
1.6769E-004
1.8056E-004
6.1596E-004
6.3970E-004
6.2036E-004
6.3031E-004
6.3417E-004
6.2146E-004
6.4356E-004
6.3471E-004
6.2699E-004
1.7551E-004
1.7886E-004
1.7944E-004
1.7162E-004
1.7776E-004
6.1319E-004
6.1042E-004
6.0325E-004
6.1319E-004
5.8060E-004
6.2091E-004
6.0048E-004
6.3085E-004
1.9630E-004
1.7329E-004
1.9469E-004
2.0605E-004
2.3037E-004
1.9845E-004
2.2336E-004
2.1090E-004
1.7104E-004
2.1306E-004
1.9414E-004
5.4681E-004
2.0711E-004
2.0711E-004
2.0441E-004
2.2551E-004
2.1525E-004
2.2390E-004
2.2065E-004
2.5888E-004
2.2497E-004
2.3523E-004
2.7934E-004
2.3742E-004
2.1795E-004
2.6608E-004
2.3253E-004
3.0312E-004
2.5724E-004
2.6663E-004
4.7496E-004
5.1177E-004
4.8555E-004
2.1200E-004
2.6055E-004
4.4450E-004
2.7712E-004
4.3037E-004
4.7776E-004
4.3635E-004
4.2117E-004
4.4556E-004
4.1248E-004
3.9324E-004
3.7397E-004
3.5360E-004
4.9057E-004
3.6904E-004
4.1412E-004
3.4308E-004
3.5582E-004
4.5209E-004
3.1367E-004
4.0148E-004
3.1589E-004
5.9388E-004
3.9598E-004
5.3185E-004
4.6673E-004
4.8111E-004
5.6618E-004
5.4237E-004
4.9951E-004
2.7767E-004
3.5582E-004
2.7104E-004
3.0367E-004
3.2641E-004
2.2117E-004
2.5116E-004
7.1300E-004
6.4189E-004
6.9057E-004
7.0923E-004
2.6718E-004
2.4562E-004
2.5778E-004
2.2821E-004
2.6110E-004
2.1090E-004
2.2065E-004
2.3307E-004
2.1200E-004
1.8278E-004
6.9224E-004
1.7551E-004
2.2606E-004
2.1795E-004
1.7831E-004
2.5556E-004
1.8710E-004
1.8439E-004
1.7664E-004
1.9414E-004
1.7719E-004
1.7886E-004
1.7384E-004
2.1251E-004
1.7439E-004
2.1415E-004
1.7439E-004
1.7664E-004
7.2059E-004
6.3748E-004
7.1734E-004
6.5958E-004
6.0823E-004
6.6293E-004
6.1486E-004
7.0759E-004
6.0492E-004
5.6953E-004
6.1097E-004
5.5013E-004
5.7451E-004
6.0437E-004
5.7284E-004
6.2754E-004
5.2461E-004
1.6264E-004
1.8874E-004
1.6882E-004
1.5482E-004
1.6489E-004
1.5315E-004
1.6155E-004
1.6657E-004
1.7162E-004
1.5035E-004
1.8494E-004
1.7049E-004
1.8166E-004
1.5930E-004
1.8166E-004
1.4308E-004
1.6769E-004
1.8224E-004
1.5148E-004
1.7831E-004
1.7497E-004
1.7384E-004
1.6937E-004
1.8710E-004
1.7049E-004
1.8658E-004
1.8658E-004
1.9794E-004
2.0875E-004
5.2239E-004
2.0930E-004
2.0981E-004
1.9144E-004
5.5344E-004
5.0788E-004
5.8005E-004
5.1959E-004
5.6010E-004
5.4569E-004
5.7117E-004
5.6618E-004
5.5679E-004
5.7339E-004
5.3462E-004
2.1036E-004
2.2661E-004
2.3471E-004
2.2281E-004
2.2712E-004
2.3523E-004
6.3970E-004
5.5511E-004
2.2821E-004
2.3687E-004
2.3253E-004
2.2497E-004
5.9498E-004
5.6785E-004
2.4231E-004
2.2767E-004
2.3307E-004
6.3417E-004
6.3140E-004
6.1818E-004
5.8558E-004
6.2644E-004
6.2535E-004
6.0769E-004
2.4453E-004
6.3693E-004
6.4025E-004
6.5794E-004
2.3793E-004
2.5556E-004
2.4784E-004
2.3471E-004
2.5170E-004
2.4729E-004
2.3523E-004
2.4784E-004
2.4507E-004
2.5170E-004
2.4453E-004
2.3417E-004
2.2065E-004
2.4343E-004
2.3092E-004
2.3307E-004
2.3632E-004
2.2712E-004
2.3632E-004
6.6570E-004
6.4688E-004
6.5849E-004
2.3471E-004
2.3307E-004
2.1251E-004
2.5392E-004
2.3632E-004
2.1470E-004
2.2931E-004
2.3742E-004
2.4343E-004
2.2821E-004
2.0981E-004
2.4453E-004
2.1901E-004
2.1036E-004
2.2982E-004
2.0334E-004
2.1956E-004
2.2172E-004
2.2931E-004
2.3253E-004
6.3085E-004
6.2204E-004
6.1155E-004
2.0116E-004
2.0981E-004
1.9575E-004
2.2117E-004
1.8819E-004
1.9524E-004
2.1036E-004
1.8278E-004
6.1374E-004
6.1596E-004
6.0215E-004
6.1982E-004
5.9443E-004
6.1209E-004
6.0215E-004
6.1428E-004
6.0270E-004
6.2313E-004
6.1541E-004
6.0492E-004
6.0711E-004
6.2036E-004
5.9166E-004
5.9829E-004
5.9774E-004
5.9774E-004
5.9388E-004
