5.1399E-004
5.3516E-004
6.1705E-004
5.5897E-004
6.0823E-004
5.7506E-004
6.1486E-004
5.6232E-004
5.6953E-004
6.1374E-004
5.8668E-004
6.4520E-004
6.2258E-004
6.0270E-004
6.4578E-004
6.3693E-004
6.3307E-004
6.2866E-004
6.1650E-004
6.6293E-004
6.1042E-004
6.0379E-004
6.3584E-004
6.3140E-004
6.5518E-004
6.3253E-004
6.4578E-004
6.2921E-004
6.2921E-004
6.7287E-004
6.3748E-004
6.3970E-004
6.4466E-004
6.2921E-004
6.6570E-004
6.6512E-004
6.4797E-004
6.4633E-004
6.7673E-004
6.5627E-004
6.6789E-004
6.3031E-004
6.6293E-004
6.5350E-004
6.7011E-004
6.5958E-004
6.7895E-004
6.4910E-004
6.7287E-004
6.7619E-004
6.5350E-004
6.6789E-004
6.4466E-004
6.4134E-004
6.6181E-004
6.5904E-004
6.6348E-004
6.3915E-004
6.4356E-004
6.7564E-004
6.5627E-004
6.6181E-004
6.7011E-004
6.4520E-004
6.6403E-004
6.4079E-004
6.6403E-004
6.4964E-004
6.2809E-004
6.3471E-004
6.3198E-004
6.5132E-004
6.5572E-004
6.2644E-004
6.4633E-004
6.2368E-004
6.2809E-004
6.5405E-004
6.1319E-004
6.3362E-004
6.2590E-004
6.0656E-004
6.4855E-004
6.2091E-004
6.3362E-004
6.1209E-004
6.2644E-004
6.0437E-004
6.3307E-004
6.2146E-004
6.4411E-004
6.2204E-004
6.2313E-004
6.1596E-004
6.2590E-004
6.3085E-004
6.0933E-004
6.2368E-004
6.2146E-004
6.1541E-004
6.0769E-004
6.0106E-004
5.9662E-004
6.0711E-004
6.1097E-004
6.2368E-004
6.0987E-004
6.0656E-004
6.0437E-004
6.3253E-004
6.1927E-004
6.0933E-004
6.1042E-004
6.0933E-004
6.1650E-004
6.1374E-004
6.0987E-004
6.1705E-004
6.2368E-004
6.0987E-004
6.0711E-004
6.0048E-004
6.1319E-004
6.1374E-004
6.1428E-004
6.1596E-004
6.0048E-004
6.1264E-004
6.2921E-004
5.9221E-004
6.0656E-004
6.0601E-004
6.1927E-004
5.9498E-004
6.1319E-004
6.0270E-004
6.2866E-004
6.1264E-004
6.2036E-004
5.8780E-004
6.2204E-004
6.0492E-004
5.8944E-004
6.0048E-004
6.0161E-004
5.9330E-004
5.9993E-004
5.8005E-004
6.2258E-004
5.9276E-004
4.5859E-004
6.0656E-004
5.5897E-004
5.6396E-004
5.2239E-004
5.9829E-004
5.4237E-004
5.4459E-004
5.2239E-004
4.3471E-004
4.0862E-004
5.5122E-004
4.2931E-004
4.0589E-004
4.8555E-004
5.3793E-004
4.9894E-004
4.9115E-004
4.8500E-004
4.0093E-004
3.9707E-004
4.3851E-004
4.3690E-004
4.4176E-004
4.4774E-004
4.2442E-004
4.9784E-004
4.5968E-004
4.5589E-004
5.1232E-004
4.3742E-004
5.1232E-004
4.6184E-004
4.0807E-004
4.2657E-004
3.6682E-004
3.8002E-004
3.8002E-004
3.5749E-004
2.9923E-004
3.1811E-004
3.6187E-004
3.7619E-004
3.0589E-004
3.2921E-004
3.4861E-004
2.2661E-004
2.7548E-004
2.1200E-004
2.3848E-004
2.5614E-004
3.3085E-004
3.6737E-004
2.4398E-004
2.2876E-004
2.2551E-004
2.8488E-004
2.2390E-004
1.9250E-004
2.6055E-004
2.8983E-004
2.1090E-004
2.9369E-004
2.4176E-004
2.7381E-004
2.9646E-004
1.9794E-004
2.4012E-004
2.2767E-004
1.9794E-004
1.9630E-004
1.7776E-004
1.9524E-004
1.8874E-004
1.9630E-004
1.7104E-004
1.5035E-004
1.9524E-004
1.6602E-004
2.0659E-004
1.6711E-004
1.7886E-004
1.6489E-004
1.7162E-004
1.5984E-004
1.6602E-004
1.7049E-004
1.5984E-004
1.8278E-004
1.6435E-004
1.5260E-004
1.7551E-004
1.5315E-004
1.8658E-004
1.5537E-004
1.6377E-004
1.5595E-004
1.7271E-004
1.6042E-004
1.5148E-004
1.6824E-004
1.6824E-004
1.6377E-004
1.7104E-004
1.5202E-004
1.5762E-004
1.3973E-004
1.4810E-004
1.5930E-004
1.4980E-004
1.4868E-004
1.4701E-004
1.7271E-004
1.6155E-004
1.7329E-004
1.6322E-004
1.4141E-004
1.8874E-004
1.6544E-004
1.5875E-004
1.9144E-004
1.5930E-004
1.7998E-004
1.5035E-004
1.8166E-004
1.8603E-004
1.8111E-004
1.6991E-004
1.3693E-004
1.7719E-004
1.7497E-004
1.7104E-004
1.7719E-004
1.5315E-004
1.8385E-004
1.7271E-004
1.7831E-004
1.9575E-004
1.8166E-004
1.5595E-004
2.0334E-004
1.9359E-004
2.1901E-004
2.2336E-004
1.8819E-004
2.2172E-004
2.1251E-004
2.0280E-004
2.2982E-004
2.1145E-004
2.4067E-004
2.2767E-004
2.1415E-004
2.1956E-004
2.5392E-004
2.4784E-004
2.2606E-004
2.0116E-004
2.3417E-004
2.4012E-004
2.2117E-004
2.0766E-004
2.2281E-004
2.2551E-004
2.3903E-004
2.4839E-004
2.6164E-004
2.3848E-004
2.5338E-004
2.2767E-004
2.3687E-004
2.4067E-004
2.4453E-004
2.6496E-004
2.3687E-004
2.4617E-004
2.5061E-004
2.5392E-004
2.5614E-004
2.4729E-004
2.3957E-004
2.3957E-004
2.6055E-004
2.6940E-004
2.5833E-004
2.5778E-004
2.4675E-004
2.4784E-004
2.4784E-004
2.4894E-004
2.4453E-004
2.5778E-004
2.7159E-004
2.2821E-004
2.4398E-004
2.6332E-004
2.2982E-004
2.3957E-004
2.4231E-004
2.2876E-004
2.5669E-004
2.0820E-004
2.3307E-004
2.4729E-004
2.5669E-004
2.2821E-004
2.1740E-004
2.2551E-004
2.3253E-004
2.3201E-004
2.2065E-004
1.8928E-004
2.3417E-004
2.3848E-004
2.1901E-004
2.2606E-004
2.0170E-004
2.2172E-004
2.3742E-004
2.2226E-004
2.3957E-004
1.9250E-004
2.1306E-004
2.0495E-004
1.9250E-004
1.7944E-004
2.2606E-004
1.8278E-004
2.3253E-004
1.8166E-004
1.8710E-004
1.8333E-004
2.1145E-004
2.2336E-004
1.8819E-004
1.9250E-004
2.1090E-004
1.8494E-004
2.0064E-004
1.6882E-004
1.9305E-004
1.7998E-004
1.6264E-004
2.1686E-004
1.7719E-004
2.1036E-004
1.9359E-004
1.8658E-004
1.8111E-004
1.7664E-004
1.7217E-004
1.7329E-004
1.7162E-004
1.7329E-004
1.6544E-004
1.6042E-004
1.9794E-004
1.8603E-004
1.7104E-004
1.6711E-004
1.7664E-004
1.6377E-004
1.6882E-004
1.7664E-004
1.8333E-004
1.5984E-004
1.7329E-004
1.6769E-004
1.8710E-004
1.7162E-004
1.5762E-004
1.6882E-004
1.6991E-004
1.9199E-004
1.9575E-004
1.6657E-004
1.7497E-004
1.5875E-004
1.7609E-004
1.7551E-004
1.9035E-004
1.9359E-004
1.7776E-004
1.8494E-004
1.7162E-004
1.6657E-004
1.5930E-004
1.8710E-004
1.7719E-004
1.7719E-004
2.0605E-004
1.8710E-004
1.8549E-004
3.1090E-004
1.8056E-004
2.0334E-004
1.7719E-004
2.2551E-004
2.2281E-004
1.8928E-004
1.8980E-004
1.8278E-004
2.0550E-004
2.5116E-004
1.8819E-004
2.4285E-004
2.1576E-004
2.0875E-004
2.3037E-004
2.0225E-004
2.7603E-004
2.0605E-004
2.6496E-004
2.3793E-004
2.2226E-004
3.1477E-004
4.9282E-004
2.1847E-004
4.3311E-004
3.2754E-004
3.1200E-004
3.1699E-004
2.3146E-004
3.3420E-004
3.2365E-004
3.0701E-004
4.1956E-004
4.2767E-004
5.6177E-004
4.6348E-004
4.0038E-004
3.3307E-004
2.8488E-004
3.9269E-004
3.7838E-004
5.3349E-004
4.7496E-004
4.6129E-004
3.4141E-004
6.3970E-004
3.9598E-004
4.9002E-004
5.1734E-004
4.1737E-004
6.8117E-004
4.4556E-004
4.2332E-004
5.9112E-004
3.6132E-004
6.0106E-004
5.1177E-004
6.1428E-004
6.0270E-004
6.8671E-004
6.8780E-004
5.5511E-004
7.3896E-004
6.0270E-004
7.5357E-004
7.1193E-004
7.0328E-004
7.7390E-004
7.6229E-004
7.5897E-004
7.6283E-004
6.4964E-004
7.3735E-004
6.7786E-004
7.7168E-004
7.7278E-004
7.7059E-004
7.1464E-004
7.4816E-004
7.6724E-004
6.9942E-004
7.6338E-004
7.7834E-004
7.2651E-004
6.8948E-004
7.4816E-004
7.5087E-004
7.0000E-004
7.5087E-004
7.0383E-004
7.0975E-004
6.8063E-004
7.2490E-004
6.8504E-004
7.3031E-004
7.1679E-004
5.7783E-004
7.6061E-004
5.9717E-004
7.1029E-004
6.5849E-004
5.3127E-004
6.6789E-004
5.3793E-004
5.2741E-004
6.0656E-004
6.0215E-004
6.7233E-004
5.6119E-004
5.6953E-004
6.2091E-004
6.1209E-004
6.0601E-004
5.0341E-004
5.1399E-004
5.7062E-004
5.2850E-004
5.0508E-004
5.2683E-004
5.0508E-004
5.3793E-004
4.8948E-004
5.2406E-004
5.0286E-004
5.1177E-004
5.0730E-004
5.0286E-004
5.2239E-004
5.2239E-004
5.0286E-004
5.1512E-004
5.1567E-004
5.3240E-004
5.1904E-004
5.2574E-004
5.1177E-004
5.1959E-004
5.3626E-004
5.1679E-004
5.5511E-004
5.1065E-004
5.1177E-004
5.6618E-004
5.1625E-004
5.4514E-004
5.2574E-004
5.4237E-004
5.7172E-004
5.3404E-004
5.4791E-004
5.6010E-004
5.3349E-004
5.8060E-004
5.2796E-004
5.6895E-004
5.4569E-004
5.4514E-004
5.7561E-004
5.3848E-004
5.7728E-004
5.9993E-004
5.6953E-004
5.5235E-004
6.0270E-004
6.4247E-004
5.9057E-004
5.8780E-004
6.3693E-004
5.4347E-004
6.2091E-004
6.1486E-004
6.1155E-004
6.7673E-004
6.4411E-004
6.4189E-004
6.1264E-004
6.5132E-004
6.3803E-004
6.3915E-004
6.0547E-004
6.5682E-004
6.3693E-004
6.6512E-004
6.4797E-004
6.4189E-004
6.6293E-004
6.6071E-004
6.5518E-004
6.5627E-004
6.6734E-004
6.6293E-004
6.6457E-004
6.5074E-004
6.5463E-004
6.3915E-004
6.7233E-004
6.3417E-004
6.6901E-004
6.6016E-004
6.5627E-004
6.7123E-004
6.4301E-004
6.5019E-004
6.5296E-004
6.5904E-004
6.4301E-004
6.6847E-004
6.6235E-004
6.3031E-004
6.5241E-004
6.3085E-004
6.5904E-004
6.2809E-004
6.7841E-004
6.6847E-004
6.5074E-004
6.7287E-004
6.5572E-004
6.2204E-004
6.5849E-004
6.5627E-004
6.5405E-004
6.5627E-004
6.3253E-004
6.4356E-004
6.2644E-004
6.3915E-004
6.5074E-004
6.2976E-004
6.2921E-004
6.4742E-004
6.1374E-004
6.4688E-004
6.2535E-004
6.1705E-004
6.3198E-004
6.2590E-004
6.0933E-004
6.2754E-004
6.4633E-004
6.0547E-004
6.0823E-004
6.2368E-004
5.8835E-004
6.1264E-004
6.2036E-004
6.0547E-004
6.0048E-004
6.1374E-004
6.3031E-004
6.2204E-004
6.0823E-004
6.2644E-004
6.4079E-004
6.1155E-004
6.0711E-004
6.1042E-004
6.0987E-004
5.9388E-004
6.2976E-004
6.0987E-004
6.1428E-004
6.1155E-004
6.2368E-004
6.1319E-004
6.1705E-004
6.1650E-004
5.9607E-004
6.1705E-004
6.2699E-004
6.0823E-004
6.0547E-004
6.0492E-004
6.1650E-004
6.0987E-004
6.1042E-004
6.0769E-004
6.2477E-004
6.1319E-004
6.2699E-004
6.0379E-004
6.1155E-004
6.0823E-004
6.2809E-004
6.0769E-004
5.9330E-004
6.1319E-004
5.9884E-004
6.0215E-004
5.9717E-004
6.0987E-004
6.1097E-004
6.0656E-004
6.2146E-004
6.0547E-004
6.0215E-004
6.0987E-004
5.8668E-004
5.9884E-004
6.0379E-004
5.6618E-004
6.1155E-004
5.5180E-004
5.8558E-004
6.0492E-004
5.7838E-004
5.8999E-004
5.1457E-004
5.5289E-004
5.5955E-004
6.1097E-004
6.0048E-004
5.4070E-004
5.4681E-004
5.6840E-004
5.2850E-004
5.1457E-004
4.4395E-004
4.6673E-004
5.5897E-004
5.7616E-004
4.3037E-004
5.0006E-004
4.3092E-004
4.6998E-004
4.0312E-004
3.9157E-004
4.7944E-004
5.5289E-004
4.7831E-004
4.7998E-004
4.9002E-004
5.3626E-004
4.3906E-004
3.6792E-004
3.8388E-004
4.3092E-004
3.6573E-004
4.3146E-004
3.5029E-004
3.8938E-004
3.7014E-004
3.7233E-004
2.4398E-004
3.3475E-004
3.3973E-004
2.4176E-004
4.2278E-004
2.3253E-004
4.1248E-004
3.1699E-004
2.1631E-004
3.3085E-004
2.2982E-004
2.8652E-004
2.6554E-004
2.7603E-004
3.4031E-004
2.5833E-004
2.9758E-004
3.2976E-004
2.7603E-004
2.0605E-004
2.3848E-004
2.5946E-004
3.3864E-004
2.0170E-004
2.4121E-004
2.3578E-004
2.3903E-004
2.4729E-004
2.0711E-004
2.2442E-004
2.3037E-004
1.8111E-004
2.4067E-004
1.7329E-004
1.7271E-004
2.0064E-004
1.7831E-004
1.8764E-004
1.6769E-004
1.8494E-004
2.1415E-004
1.8658E-004
1.6155E-004
1.7049E-004
1.6097E-004
1.6435E-004
1.6322E-004
1.6991E-004
1.9739E-004
1.6544E-004
1.9684E-004
1.8658E-004
1.4810E-004
1.4421E-004
1.6435E-004
1.7217E-004
1.6991E-004
1.4643E-004
1.5930E-004
1.5930E-004
1.8166E-004
1.7998E-004
1.6937E-004
1.6711E-004
1.6882E-004
1.5482E-004
1.4475E-004
1.5817E-004
1.5595E-004
1.5428E-004
1.3134E-004
1.6155E-004
1.3414E-004
1.4755E-004
1.6937E-004
1.5595E-004
1.6769E-004
1.5930E-004
1.4923E-004
1.7439E-004
1.4868E-004
1.4363E-004
1.3188E-004
1.7162E-004
1.7944E-004
1.7104E-004
1.6042E-004
1.9305E-004
1.5428E-004
1.6435E-004
1.5482E-004
1.8439E-004
1.9414E-004
1.8819E-004
1.6711E-004
1.7886E-004
1.8333E-004
1.7217E-004
1.6544E-004
1.9305E-004
1.9305E-004
1.9250E-004
2.1251E-004
2.0116E-004
1.8224E-004
2.3092E-004
1.8333E-004
2.1200E-004
1.8764E-004
1.7497E-004
2.3307E-004
2.1795E-004
2.3253E-004
2.5833E-004
2.4176E-004
2.3146E-004
2.4231E-004
2.4729E-004
2.1525E-004
2.0334E-004
2.3307E-004
2.0711E-004
2.3146E-004
2.3471E-004
2.0981E-004
2.5225E-004
2.3037E-004
2.2065E-004
2.4398E-004
2.3417E-004
2.4562E-004
2.2876E-004
2.5225E-004
2.5061E-004
2.4617E-004
2.4784E-004
2.4231E-004
2.4285E-004
2.4839E-004
2.4617E-004
2.5502E-004
2.5447E-004
2.3742E-004
2.5556E-004
2.7217E-004
2.6222E-004
2.5338E-004
2.4176E-004
2.3742E-004
2.3848E-004
2.4176E-004
2.6164E-004
2.5556E-004
2.4398E-004
2.2876E-004
2.5225E-004
2.4729E-004
2.6940E-004
2.5502E-004
2.3417E-004
2.3903E-004
2.3201E-004
2.2551E-004
2.4894E-004
2.5170E-004
2.5447E-004
2.5338E-004
2.3793E-004
2.2931E-004
2.4176E-004
2.4398E-004
2.0930E-004
2.2551E-004
2.1576E-004
2.4231E-004
2.3903E-004
2.0441E-004
2.2821E-004
2.2336E-004
2.0711E-004
2.2117E-004
2.0280E-004
2.2876E-004
1.9845E-004
1.9305E-004
2.1795E-004
1.8385E-004
1.8764E-004
2.0009E-004
2.0116E-004
2.2931E-004
2.0875E-004
1.9524E-004
2.0064E-004
1.6991E-004
2.0389E-004
2.0550E-004
2.1415E-004
2.0116E-004
1.8603E-004
1.8874E-004
2.0170E-004
1.9845E-004
1.9199E-004
1.7217E-004
2.1036E-004
2.2117E-004
1.9144E-004
2.0820E-004
1.7944E-004
1.7886E-004
1.9144E-004
1.8056E-004
1.8874E-004
1.9684E-004
1.7049E-004
1.7329E-004
1.7162E-004
1.6657E-004
1.6937E-004
1.7162E-004
1.6769E-004
1.8056E-004
1.6991E-004
1.8764E-004
1.7664E-004
1.7609E-004
1.8333E-004
1.8928E-004
1.9469E-004
1.8166E-004
1.8111E-004
1.9305E-004
1.7831E-004
1.5708E-004
1.5762E-004
1.7049E-004
1.6544E-004
1.8980E-004
1.6711E-004
1.6544E-004
1.7049E-004
1.6937E-004
1.7719E-004
1.5930E-004
1.5708E-004
1.8385E-004
2.2226E-004
1.7831E-004
1.5984E-004
1.8385E-004
1.6322E-004
1.9794E-004
1.9359E-004
2.1795E-004
2.3092E-004
2.1847E-004
1.7776E-004
1.6991E-004
2.0280E-004
2.2606E-004
2.0116E-004
1.9955E-004
2.5502E-004
1.8224E-004
2.8706E-004
2.0280E-004
2.4507E-004
2.1740E-004
2.0170E-004
2.1251E-004
2.0280E-004
1.7998E-004
2.2226E-004
1.9524E-004
3.0756E-004
2.8043E-004
2.6277E-004
2.7104E-004
2.2065E-004
3.3697E-004
4.5045E-004
2.6000E-004
3.5138E-004
3.9652E-004
2.3092E-004
3.9488E-004
2.6663E-004
5.0006E-004
4.7886E-004
3.7783E-004
4.0148E-004
3.0868E-004
4.1956E-004
4.0312E-004
2.5833E-004
6.8780E-004
4.2387E-004
4.9894E-004
6.0106E-004
3.3085E-004
6.2535E-004
4.5749E-004
4.6834E-004
5.7838E-004
3.9488E-004
6.2921E-004
5.2683E-004
4.7776E-004
5.3793E-004
4.3092E-004
7.2870E-004
7.0759E-004
6.2368E-004
6.4189E-004
6.1428E-004
6.4688E-004
7.0109E-004
5.8726E-004
7.0434E-004
6.7950E-004
7.2651E-004
7.4652E-004
6.5904E-004
7.5463E-004
7.2815E-004
7.7834E-004
7.5627E-004
6.2258E-004
7.3246E-004
7.4112E-004
7.2706E-004
7.4491E-004
7.0868E-004
7.5682E-004
7.4762E-004
7.6061E-004
7.3571E-004
7.6782E-004
7.6171E-004
7.4871E-004
7.6061E-004
7.3465E-004
7.7059E-004
7.3787E-004
7.1679E-004
7.1734E-004
7.0000E-004
6.6512E-004
6.7786E-004
7.4491E-004
7.6229E-004
5.8668E-004
6.4742E-004
7.1895E-004
6.0601E-004
6.3526E-004
5.2406E-004
5.9774E-004
6.4633E-004
6.0547E-004
5.9884E-004
6.3362E-004
5.3848E-004
6.2590E-004
5.6119E-004
6.8394E-004
5.5122E-004
6.1982E-004
5.7451E-004
5.5235E-004
5.6232E-004
5.2406E-004
5.2072E-004
5.1625E-004
5.1065E-004
5.1679E-004
6.1927E-004
5.1399E-004
4.9617E-004
5.0621E-004
4.9784E-004
5.2406E-004
5.0286E-004
5.5235E-004
5.0675E-004
5.5955E-004
5.1847E-004
5.2406E-004
4.9839E-004
5.1904E-004
5.3404E-004
5.1734E-004
5.1290E-004
5.1232E-004
5.4292E-004
5.1567E-004
5.3626E-004
5.1345E-004
5.1679E-004
5.2850E-004
5.2628E-004
5.2294E-004
5.7062E-004
5.7892E-004
5.6618E-004
5.8504E-004
5.3462E-004
5.8504E-004
5.2905E-004
5.8282E-004
5.2406E-004
5.3185E-004
6.0437E-004
5.8890E-004
5.3462E-004
6.0601E-004
5.6232E-004
5.5621E-004
5.9939E-004
5.8504E-004
6.2535E-004
5.9939E-004
6.2535E-004
6.2258E-004
6.4633E-004
6.0601E-004
5.8944E-004
5.8944E-004
6.5405E-004
6.1872E-004
6.5019E-004
6.0492E-004
6.0379E-004
6.5849E-004
6.1486E-004
6.6734E-004
6.2699E-004
6.4301E-004
6.6512E-004
6.3639E-004
6.4356E-004
6.2866E-004
6.6789E-004
6.5849E-004
6.8394E-004
6.2866E-004
6.7509E-004
6.3970E-004
6.5132E-004
6.6181E-004
6.4797E-004
6.8394E-004
6.6126E-004
6.7509E-004
6.5794E-004
6.7397E-004
6.5241E-004
6.6403E-004
6.7950E-004
6.7455E-004
6.7895E-004
6.5849E-004
6.6679E-004
6.6403E-004
6.4910E-004
6.8227E-004
6.6016E-004
6.6071E-004
6.5740E-004
6.5740E-004
6.4964E-004
6.6235E-004
6.3693E-004
6.5572E-004
6.4079E-004
6.5572E-004
6.1042E-004
6.2644E-004
6.1872E-004
6.4079E-004
6.4466E-004
6.1760E-004
6.6126E-004
6.0601E-004
6.4520E-004
6.3584E-004
6.1650E-004
6.3471E-004
6.2368E-004
6.3639E-004
6.3970E-004
6.2091E-004
6.3362E-004
6.2313E-004
6.1042E-004
6.3198E-004
6.1319E-004
6.1596E-004
6.4688E-004
6.2921E-004
6.3970E-004
6.1428E-004
5.9717E-004
6.1209E-004
5.9939E-004
6.4189E-004
6.0987E-004
6.2477E-004
6.2146E-004
6.2258E-004
6.1428E-004
6.2535E-004
6.3693E-004
6.1319E-004
6.0270E-004
5.9552E-004
6.0878E-004
5.9884E-004
6.0601E-004
6.2866E-004
6.1209E-004
6.2204E-004
6.3748E-004
6.0270E-004
6.1486E-004
6.2091E-004
6.1705E-004
6.3140E-004
6.0878E-004
5.9993E-004
6.1042E-004
6.2036E-004
6.1927E-004
6.2204E-004
6.0823E-004
6.0215E-004
6.1155E-004
6.2204E-004
5.9388E-004
6.2204E-004
6.0437E-004
6.0823E-004
6.1097E-004
5.9717E-004
6.2921E-004
6.1760E-004
6.1319E-004
6.0987E-004
5.9221E-004
5.8999E-004
6.0048E-004
6.0048E-004
5.6396E-004
5.8282E-004
5.8999E-004
5.2963E-004
5.8504E-004
5.6895E-004
5.6454E-004
5.9829E-004
5.8726E-004
5.8890E-004
