5.6287E-004
5.9388E-004
5.6618E-004
5.7394E-004
5.3127E-004
5.3516E-004
5.4514E-004
4.7664E-004
5.7506E-004
5.2905E-004
5.3903E-004
4.2496E-004
5.0395E-004
4.7944E-004
5.6785E-004
5.2574E-004
5.3185E-004
4.0589E-004
5.1399E-004
3.2365E-004
5.1232E-004
5.0955E-004
3.8993E-004
5.4237E-004
4.1628E-004
4.0093E-004
3.1422E-004
3.9215E-004
4.6943E-004
3.4417E-004
3.5418E-004
4.1193E-004
2.9260E-004
3.9598E-004
3.7783E-004
3.1921E-004
3.7397E-004
3.6959E-004
2.9591E-004
3.2754E-004
3.8610E-004
3.6132E-004
3.5418E-004
3.6792E-004
2.8211E-004
2.4729E-004
2.8488E-004
3.3697E-004
2.4343E-004
3.0701E-004
2.9701E-004
2.7217E-004
2.2442E-004
2.1901E-004
2.8320E-004
2.1576E-004
2.1686E-004
2.2982E-004
1.9955E-004
2.3903E-004
2.0116E-004
1.9794E-004
2.4507E-004
1.5930E-004
1.9305E-004
1.6882E-004
1.9630E-004
1.6544E-004
1.7104E-004
1.8710E-004
1.7162E-004
1.7497E-004
2.0605E-004
1.6377E-004
1.8278E-004
1.6377E-004
1.4141E-004
1.7162E-004
1.3748E-004
1.4643E-004
1.6602E-004
1.9144E-004
1.5984E-004
1.7776E-004
1.5875E-004
1.5202E-004
1.3188E-004
1.8819E-004
1.4253E-004
1.4083E-004
1.5762E-004
1.5650E-004
1.4083E-004
1.1908E-004
1.3636E-004
1.3748E-004
1.3414E-004
1.4083E-004
1.4868E-004
1.4141E-004
1.4533E-004
1.5428E-004
1.4475E-004
1.4533E-004
1.4028E-004
1.5148E-004
1.3861E-004
1.6155E-004
1.2741E-004
1.5817E-004
1.4195E-004
1.6264E-004
1.5090E-004
1.4421E-004
1.4083E-004
1.4028E-004
1.5537E-004
1.5090E-004
1.3973E-004
1.5260E-004
1.5708E-004
1.6377E-004
1.6264E-004
1.6602E-004
1.9199E-004
1.7609E-004
1.6377E-004
1.5202E-004
1.5984E-004
1.6711E-004
1.5202E-004
1.7497E-004
1.9144E-004
1.6602E-004
2.1036E-004
1.8710E-004
1.6991E-004
1.7384E-004
2.0441E-004
1.8928E-004
2.0009E-004
1.8166E-004
1.7162E-004
1.8764E-004
2.1956E-004
1.7776E-004
1.9739E-004
2.2011E-004
2.2497E-004
1.9739E-004
2.2172E-004
2.0389E-004
2.2497E-004
2.1036E-004
2.2281E-004
2.3092E-004
2.0981E-004
2.3523E-004
2.4729E-004
2.5170E-004
2.6332E-004
2.2767E-004
3.1255E-004
2.8043E-004
2.1525E-004
3.2419E-004
2.2982E-004
2.9150E-004
2.3742E-004
3.2143E-004
3.4916E-004
2.6885E-004
2.9096E-004
3.1367E-004
2.6164E-004
2.9980E-004
2.3146E-004
3.7123E-004
3.0978E-004
2.7049E-004
3.4974E-004
3.5913E-004
3.5029E-004
2.7493E-004
3.5138E-004
3.3864E-004
3.0811E-004
3.8883E-004
3.9047E-004
2.9923E-004
3.9102E-004
3.4417E-004
3.4475E-004
4.2821E-004
3.6464E-004
3.8774E-004
3.9379E-004
4.3960E-004
4.2172E-004
5.0563E-004
3.6518E-004
4.2496E-004
3.7178E-004
5.8944E-004
5.1345E-004
5.0563E-004
5.2239E-004
4.2226E-004
5.1959E-004
4.9057E-004
4.4015E-004
5.5235E-004
4.4665E-004
5.2628E-004
5.2628E-004
5.4125E-004
6.1705E-004
4.6454E-004
6.3085E-004
4.2821E-004
5.2741E-004
6.1155E-004
6.3198E-004
6.0270E-004
5.6065E-004
5.9993E-004
6.5132E-004
6.2313E-004
6.8449E-004
6.1209E-004
7.1734E-004
7.1895E-004
6.3584E-004
7.0704E-004
6.9388E-004
6.6789E-004
6.8227E-004
6.8227E-004
6.6512E-004
6.5794E-004
6.6293E-004
6.8504E-004
6.8838E-004
6.8504E-004
6.7564E-004
7.1949E-004
7.1139E-004
7.0653E-004
6.8616E-004
6.9778E-004
6.9170E-004
6.8394E-004
6.8008E-004
6.8671E-004
6.9279E-004
7.0868E-004
6.8780E-004
7.0434E-004
7.0164E-004
6.6679E-004
6.8671E-004
6.4079E-004
6.5682E-004
6.9388E-004
5.6895E-004
6.5682E-004
6.3362E-004
5.9552E-004
6.2477E-004
6.3307E-004
6.2477E-004
5.9607E-004
5.7838E-004
6.3915E-004
5.9443E-004
5.8449E-004
6.0823E-004
5.7229E-004
6.2313E-004
5.5122E-004
5.5457E-004
6.0492E-004
5.5621E-004
5.5897E-004
5.8005E-004
5.7451E-004
5.4681E-004
5.8890E-004
5.6731E-004
5.4736E-004
5.4845E-004
5.8449E-004
5.3903E-004
5.5344E-004
5.4845E-004
5.2963E-004
5.4681E-004
5.2683E-004
5.4514E-004
5.4845E-004
5.6341E-004
5.3626E-004
5.4459E-004
5.5897E-004
5.3903E-004
5.5122E-004
5.4845E-004
5.4070E-004
5.4736E-004
5.5511E-004
5.5235E-004
5.5235E-004
5.6563E-004
5.6341E-004
5.3462E-004
5.5399E-004
5.6509E-004
5.5122E-004
5.7950E-004
5.3516E-004
5.8613E-004
5.3294E-004
5.4347E-004
5.7117E-004
5.7616E-004
5.7229E-004
5.5788E-004
5.5457E-004
5.9774E-004
5.6618E-004
5.8835E-004
5.6065E-004
5.8449E-004
5.8613E-004
5.7172E-004
5.8944E-004
5.8227E-004
5.8944E-004
6.0878E-004
5.9662E-004
5.7783E-004
6.0048E-004
5.9993E-004
5.5235E-004
5.7892E-004
5.8282E-004
5.9443E-004
5.8835E-004
5.9774E-004
5.7339E-004
6.0656E-004
5.7728E-004
5.9552E-004
5.7062E-004
5.7172E-004
5.6341E-004
5.7284E-004
5.6731E-004
5.8282E-004
5.9330E-004
5.8449E-004
5.0897E-004
5.6676E-004
5.8114E-004
5.5289E-004
5.3684E-004
5.6177E-004
5.3018E-004
5.3738E-004
4.0643E-004
5.1567E-004
5.4292E-004
4.5154E-004
5.7728E-004
4.5260E-004
4.8722E-004
4.3417E-004
4.7551E-004
4.7052E-004
4.5640E-004
4.7107E-004
4.0975E-004
4.1029E-004
4.9951E-004
3.6850E-004
4.3471E-004
4.5534E-004
3.7947E-004
4.2007E-004
3.2754E-004
4.4720E-004
3.7783E-004
3.4752E-004
4.3690E-004
3.4974E-004
3.6132E-004
3.1811E-004
3.2699E-004
3.8719E-004
3.2419E-004
3.0701E-004
3.6300E-004
2.6663E-004
2.3632E-004
2.5556E-004
2.6718E-004
2.6663E-004
1.9739E-004
1.9955E-004
2.0659E-004
2.0280E-004
2.5946E-004
2.3957E-004
2.2172E-004
2.4343E-004
1.8494E-004
2.1525E-004
2.3848E-004
2.3793E-004
2.4012E-004
1.8166E-004
1.9955E-004
1.6937E-004
1.7162E-004
2.1251E-004
1.6657E-004
2.0711E-004
1.7329E-004
1.8980E-004
1.8494E-004
1.5984E-004
1.7384E-004
1.8764E-004
1.6377E-004
1.5930E-004
1.6991E-004
1.8224E-004
1.5482E-004
1.5482E-004
1.8224E-004
1.2908E-004
1.3246E-004
1.6155E-004
1.4363E-004
1.4421E-004
1.5202E-004
1.4701E-004
1.5984E-004
1.5762E-004
1.5482E-004
1.4363E-004
1.6042E-004
1.3806E-004
1.4980E-004
1.4755E-004
1.4253E-004
1.5875E-004
1.4923E-004
1.3973E-004
1.4253E-004
1.5482E-004
1.4253E-004
1.3188E-004
1.4141E-004
1.3806E-004
1.4141E-004
1.5148E-004
1.5930E-004
1.5035E-004
1.5148E-004
1.3246E-004
1.6377E-004
1.5370E-004
1.5370E-004
1.4141E-004
1.4701E-004
1.3973E-004
1.6322E-004
1.5482E-004
1.5148E-004
1.3693E-004
1.7609E-004
1.5090E-004
1.5482E-004
1.7664E-004
1.4253E-004
1.8056E-004
1.4363E-004
1.7719E-004
1.6264E-004
1.7719E-004
1.9955E-004
1.6210E-004
1.9739E-004
1.6882E-004
1.5817E-004
1.7497E-004
1.9739E-004
1.5708E-004
1.6377E-004
1.7329E-004
2.1090E-004
2.1090E-004
1.8603E-004
2.0820E-004
1.8549E-004
2.3632E-004
2.0711E-004
2.2172E-004
2.3848E-004
1.9794E-004
2.3307E-004
2.4675E-004
2.4562E-004
2.3632E-004
2.0441E-004
2.5778E-004
2.3578E-004
2.2390E-004
2.1415E-004
2.6885E-004
2.4121E-004
2.3471E-004
2.4453E-004
2.7104E-004
2.8156E-004
2.2982E-004
3.0646E-004
2.5392E-004
2.4729E-004
2.6496E-004
2.3362E-004
3.0978E-004
2.8706E-004
2.8320E-004
3.4141E-004
2.9758E-004
3.3529E-004
3.0257E-004
3.8169E-004
3.6300E-004
2.5833E-004
3.4807E-004
3.4861E-004
3.5527E-004
4.1358E-004
3.2699E-004
4.0148E-004
3.6959E-004
3.9929E-004
4.4501E-004
3.3919E-004
3.3809E-004
4.2821E-004
3.7564E-004
4.0975E-004
3.4308E-004
4.4665E-004
4.6454E-004
3.6023E-004
4.8220E-004
3.8774E-004
4.4176E-004
3.9215E-004
4.0534E-004
5.1457E-004
4.8500E-004
3.5305E-004
5.4459E-004
4.3851E-004
5.4292E-004
4.1084E-004
4.8446E-004
5.4182E-004
5.1904E-004
4.8220E-004
5.6676E-004
6.0601E-004
5.8114E-004
6.2866E-004
5.7561E-004
5.6509E-004
5.6840E-004
6.5350E-004
6.1872E-004
5.7506E-004
6.2699E-004
6.0769E-004
6.3970E-004
6.1541E-004
6.1650E-004
6.5019E-004
6.4578E-004
7.1354E-004
6.3307E-004
6.4301E-004
6.4520E-004
5.8169E-004
7.1248E-004
6.8948E-004
7.1193E-004
6.8285E-004
6.7233E-004
6.8726E-004
6.8780E-004
7.0868E-004
6.9887E-004
7.0383E-004
6.9723E-004
6.9334E-004
6.9224E-004
6.3584E-004
7.0489E-004
6.7564E-004
6.9002E-004
6.8394E-004
6.6956E-004
6.3693E-004
6.4189E-004
6.8449E-004
7.1949E-004
6.4797E-004
6.8616E-004
6.8726E-004
6.8616E-004
6.7011E-004
5.9939E-004
5.8780E-004
6.7950E-004
6.4964E-004
6.9112E-004
6.9887E-004
5.9221E-004
6.3362E-004
6.0048E-004
5.8780E-004
6.3857E-004
5.8835E-004
6.0270E-004
5.7506E-004
5.7117E-004
5.5067E-004
5.5180E-004
5.9276E-004
5.5067E-004
5.4347E-004
5.7451E-004
5.3848E-004
5.5788E-004
5.5897E-004
5.4459E-004
5.7892E-004
5.5457E-004
5.6177E-004
5.2683E-004
5.5180E-004
5.2014E-004
5.3462E-004
5.7229E-004
5.4569E-004
5.7117E-004
5.4958E-004
5.3516E-004
5.4681E-004
5.2628E-004
5.5788E-004
5.6065E-004
5.5955E-004
5.6396E-004
5.4070E-004
5.6010E-004
5.3626E-004
5.5180E-004
5.3404E-004
5.3848E-004
5.6341E-004
5.4401E-004
5.4514E-004
5.5511E-004
5.8944E-004
5.5067E-004
5.6731E-004
5.7117E-004
5.6119E-004
5.3294E-004
5.7172E-004
5.9276E-004
5.7007E-004
5.8060E-004
5.7007E-004
5.8336E-004
5.8890E-004
5.6341E-004
5.7950E-004
5.7229E-004
5.7284E-004
5.7394E-004
5.9330E-004
6.0379E-004
5.7172E-004
5.9939E-004
5.8890E-004
5.8169E-004
5.9388E-004
6.0161E-004
5.6840E-004
5.8835E-004
5.8613E-004
5.6396E-004
5.7950E-004
5.7339E-004
6.1760E-004
5.4845E-004
5.6396E-004
5.6509E-004
5.3738E-004
5.8060E-004
5.5679E-004
5.1847E-004
5.2963E-004
5.9166E-004
5.3185E-004
5.6563E-004
5.6010E-004
5.5289E-004
5.8391E-004
5.5897E-004
5.8391E-004
5.5399E-004
5.5897E-004
5.3738E-004
4.8166E-004
5.1457E-004
5.1010E-004
4.6834E-004
5.5122E-004
4.9894E-004
5.1679E-004
4.6348E-004
4.4881E-004
5.2294E-004
4.4285E-004
4.1248E-004
4.3362E-004
3.5804E-004
5.1010E-004
3.0145E-004
4.1576E-004
4.2821E-004
2.4729E-004
3.7287E-004
3.0090E-004
2.4562E-004
2.5556E-004
2.8764E-004
3.8060E-004
2.9980E-004
2.7104E-004
2.9536E-004
2.4562E-004
4.1303E-004
2.5724E-004
3.4807E-004
3.6023E-004
2.1525E-004
2.7217E-004
2.5724E-004
3.2033E-004
3.0367E-004
2.1901E-004
3.1477E-004
2.9536E-004
2.0064E-004
2.6885E-004
2.2767E-004
2.2982E-004
2.3037E-004
1.8224E-004
2.2876E-004
2.3632E-004
1.5875E-004
1.9035E-004
2.0820E-004
1.6322E-004
1.8056E-004
1.7049E-004
1.8333E-004
1.4643E-004
1.8166E-004
1.8658E-004
1.7609E-004
1.6377E-004
1.6991E-004
1.7162E-004
1.8111E-004
1.5202E-004
1.7329E-004
1.5428E-004
1.9524E-004
1.7551E-004
1.7049E-004
2.0334E-004
1.4643E-004
1.6991E-004
1.6435E-004
1.4588E-004
1.5090E-004
1.5428E-004
1.3973E-004
1.6377E-004
1.3973E-004
1.4308E-004
1.5148E-004
1.5482E-004
1.4701E-004
1.5370E-004
1.4475E-004
1.4533E-004
1.5537E-004
1.7217E-004
1.3188E-004
1.3356E-004
1.5090E-004
1.4363E-004
1.4588E-004
1.2966E-004
1.4868E-004
1.4980E-004
1.4923E-004
1.5930E-004
1.6937E-004
1.3748E-004
1.5090E-004
1.5984E-004
1.5817E-004
1.4810E-004
1.5148E-004
1.4533E-004
1.6602E-004
1.4810E-004
1.5148E-004
1.8658E-004
1.4308E-004
1.6155E-004
1.4923E-004
1.5148E-004
1.6602E-004
1.4308E-004
1.9035E-004
1.5650E-004
1.7831E-004
1.8224E-004
1.7104E-004
1.7776E-004
1.8494E-004
1.7776E-004
2.0389E-004
1.8224E-004
1.9199E-004
1.6991E-004
1.6435E-004
1.8928E-004
1.6435E-004
2.0495E-004
2.3092E-004
2.2497E-004
1.9794E-004
1.5537E-004
1.8549E-004
1.8874E-004
1.8385E-004
2.5170E-004
2.0875E-004
2.0981E-004
2.2172E-004
2.1795E-004
2.0820E-004
2.6940E-004
2.0605E-004
2.4507E-004
2.4067E-004
2.2442E-004
3.0701E-004
2.4617E-004
2.9038E-004
2.5888E-004
2.7381E-004
3.3365E-004
2.5338E-004
2.6718E-004
2.9923E-004
2.6663E-004
3.0312E-004
2.3578E-004
3.5360E-004
3.0589E-004
2.8928E-004
3.4861E-004
3.0090E-004
3.7783E-004
2.8211E-004
3.3365E-004
2.8652E-004
3.0424E-004
3.4916E-004
4.0257E-004
3.3751E-004
4.0917E-004
3.8774E-004
4.3092E-004
4.7496E-004
3.8333E-004
3.8719E-004
3.7069E-004
4.2278E-004
4.1303E-004
4.8948E-004
5.0843E-004
4.1303E-004
4.5589E-004
5.5399E-004
4.0807E-004
4.4610E-004
4.3906E-004
5.4958E-004
4.8613E-004
4.6728E-004
4.3796E-004
5.4125E-004
4.5209E-004
4.6888E-004
5.6396E-004
5.8890E-004
6.3417E-004
4.5260E-004
5.8999E-004
5.4237E-004
5.4514E-004
5.0453E-004
5.2516E-004
6.1097E-004
5.4845E-004
5.5399E-004
6.6734E-004
5.2850E-004
6.7455E-004
5.9939E-004
6.7287E-004
7.0975E-004
5.6287E-004
7.0218E-004
6.8561E-004
6.5958E-004
6.7123E-004
6.7233E-004
7.0975E-004
7.1300E-004
7.0434E-004
6.9112E-004
7.0054E-004
6.8838E-004
6.1541E-004
7.0704E-004
6.8227E-004
6.7841E-004
7.0109E-004
6.8726E-004
7.0814E-004
6.9942E-004
6.9723E-004
6.9778E-004
7.0218E-004
6.9665E-004
6.9224E-004
6.8117E-004
6.9446E-004
6.6956E-004
6.8616E-004
6.5904E-004
6.8780E-004
6.7287E-004
5.9276E-004
6.0601E-004
6.9279E-004
5.9498E-004
6.7841E-004
6.1872E-004
6.3639E-004
5.7172E-004
6.0161E-004
6.9388E-004
5.7892E-004
5.6731E-004
6.3803E-004
6.0048E-004
6.5958E-004
5.7062E-004
6.2477E-004
6.1818E-004
5.5067E-004
6.1872E-004
5.8060E-004
5.9057E-004
5.7284E-004
5.9057E-004
6.5019E-004
5.6010E-004
5.5180E-004
5.6341E-004
5.5621E-004
5.5344E-004
5.4459E-004
5.3072E-004
5.7838E-004
5.4125E-004
5.4347E-004
5.2905E-004
5.5122E-004
5.5457E-004
5.5457E-004
5.4347E-004
5.3738E-004
5.4015E-004
5.4958E-004
5.1792E-004
5.5122E-004
5.3684E-004
5.5235E-004
5.3848E-004
5.4623E-004
5.3072E-004
5.3462E-004
5.4569E-004
5.4237E-004
5.7172E-004
5.3903E-004
5.5955E-004
5.4623E-004
5.5511E-004
5.5621E-004
5.5457E-004
5.5289E-004
5.7394E-004
5.7783E-004
5.5067E-004
5.9443E-004
5.7394E-004
5.7229E-004
5.7339E-004
5.8835E-004
5.9717E-004
5.7451E-004
5.8999E-004
5.8449E-004
5.9276E-004
5.9388E-004
5.9829E-004
5.8114E-004
5.8060E-004
5.7616E-004
5.7728E-004
5.8726E-004
5.8449E-004
5.7728E-004
5.9388E-004
5.7284E-004
5.7838E-004
5.8282E-004
5.5788E-004
5.8169E-004
5.9884E-004
5.8726E-004
5.8835E-004
5.5289E-004
5.7950E-004
4.9504E-004
5.8835E-004
5.5180E-004
5.4845E-004
5.3127E-004
5.0341E-004
5.5457E-004
6.0711E-004
4.8948E-004
5.3738E-004
5.3018E-004
4.8333E-004
5.6232E-004
4.4556E-004
5.0006E-004
4.3851E-004
4.6293E-004
5.5511E-004
5.0675E-004
4.9839E-004
4.6834E-004
4.4121E-004
5.5788E-004
4.6834E-004
5.1625E-004
4.8166E-004
3.4916E-004
4.7998E-004
2.9813E-004
4.2387E-004
4.1847E-004
4.3201E-004
4.3201E-004
4.2442E-004
3.6300E-004
4.0479E-004
3.8829E-004
3.7397E-004
3.5360E-004
2.8597E-004
3.5473E-004
4.0367E-004
3.3253E-004
2.5502E-004
2.4285E-004
2.5392E-004
3.0145E-004
2.5392E-004
2.6827E-004
2.0605E-004
2.5556E-004
2.6995E-004
2.2117E-004
2.3471E-004
2.1956E-004
2.9150E-004
2.4231E-004
2.0930E-004
1.9305E-004
2.0659E-004
2.6441E-004
1.9630E-004
2.5061E-004
2.4617E-004
2.0009E-004
1.8928E-004
2.0009E-004
1.9684E-004
1.9575E-004
1.5537E-004
1.7776E-004
1.5537E-004
1.8494E-004
1.4363E-004
1.4421E-004
1.8603E-004
1.6824E-004
1.6155E-004
1.6824E-004
1.5650E-004
1.5762E-004
1.5762E-004
1.6264E-004
1.8658E-004
1.4533E-004
1.5708E-004
1.5370E-004
1.5650E-004
1.5762E-004
1.4195E-004
1.5315E-004
1.5482E-004
1.3021E-004
1.5260E-004
1.5762E-004
1.4980E-004
1.5035E-004
1.4421E-004
1.4141E-004
1.4253E-004
1.6882E-004
1.4701E-004
1.5595E-004
1.3356E-004
1.3973E-004
1.4923E-004
1.5370E-004
1.5984E-004
1.5428E-004
1.3915E-004
1.6042E-004
1.2854E-004
1.3468E-004
1.5315E-004
1.6264E-004
1.7551E-004
1.6210E-004
1.5595E-004
1.5930E-004
1.7329E-004
1.5650E-004
1.1908E-004
1.5762E-004
1.5762E-004
1.3581E-004
1.5650E-004
1.4253E-004
1.6602E-004
1.4141E-004
1.4810E-004
1.7497E-004
1.5984E-004
1.4141E-004
1.5537E-004
1.5537E-004
1.8874E-004
1.6657E-004
1.8819E-004
2.3471E-004
1.8385E-004
1.6991E-004
2.1525E-004
1.8166E-004
2.0981E-004
1.8494E-004
1.8166E-004
2.2442E-004
1.7271E-004
2.1415E-004
2.1576E-004
1.7049E-004
2.0875E-004
1.7049E-004
2.2442E-004
1.9250E-004
2.0389E-004
2.2712E-004
2.2551E-004
2.2497E-004
1.9794E-004
1.9900E-004
2.4067E-004
1.9089E-004
2.1740E-004
2.2767E-004
2.4729E-004
2.5778E-004
2.3957E-004
2.8156E-004
3.2754E-004
2.5225E-004
2.6000E-004
2.6718E-004
2.5946E-004
2.9923E-004
3.2033E-004
2.8983E-004
3.1367E-004
2.7879E-004
3.8664E-004
2.4453E-004
3.3365E-004
3.3864E-004
2.4453E-004
3.5138E-004
3.1033E-004
3.7178E-004
3.7287E-004
3.0424E-004
3.8278E-004
2.7271E-004
4.0257E-004
3.1367E-004
3.6078E-004
4.0038E-004
3.5418E-004
3.4861E-004
3.8060E-004
4.1248E-004
3.7069E-004
4.4231E-004
3.9598E-004
3.6959E-004
4.5424E-004
4.4990E-004
4.2767E-004
4.6834E-004
4.8948E-004
4.6509E-004
4.9951E-004
4.2603E-004
5.2574E-004
5.1010E-004
5.3462E-004
4.6618E-004
5.2516E-004
5.1123E-004
5.4623E-004
5.2406E-004
5.9166E-004
4.9337E-004
4.0807E-004
5.5399E-004
5.8504E-004
6.4964E-004
6.1760E-004
5.6119E-004
6.4578E-004
6.3639E-004
5.6509E-004
6.6016E-004
6.4797E-004
6.6071E-004
5.8835E-004
6.9665E-004
6.9388E-004
5.9774E-004
7.1570E-004
6.7950E-004
6.9723E-004
6.9112E-004
6.6293E-004
6.8227E-004
6.7841E-004
6.9665E-004
6.9778E-004
6.7065E-004
6.7123E-004
6.8117E-004
6.9279E-004
6.5794E-004
6.8227E-004
6.4910E-004
6.8285E-004
6.9665E-004
7.1518E-004
6.9002E-004
6.7287E-004
6.6625E-004
6.8780E-004
7.1518E-004
6.4520E-004
7.0975E-004
6.3307E-004
7.2651E-004
5.7339E-004
6.0106E-004
6.9057E-004
5.9166E-004
6.2754E-004
6.3307E-004
6.1209E-004
6.1982E-004
5.7451E-004
6.2477E-004
