1.9630E-004
1.9035E-004
2.6940E-004
1.9305E-004
2.2661E-004
2.3903E-004
1.7384E-004
2.3632E-004
1.5930E-004
1.5428E-004
1.8224E-004
1.8056E-004
1.8874E-004
1.7439E-004
1.6769E-004
1.7609E-004
1.7271E-004
1.7497E-004
1.6824E-004
1.6489E-004
1.9414E-004
1.7886E-004
1.6322E-004
1.6042E-004
1.6937E-004
1.6489E-004
1.6489E-004
1.8658E-004
1.7162E-004
1.5875E-004
1.8603E-004
1.5537E-004
1.5260E-004
1.5428E-004
1.4588E-004
1.7104E-004
1.5035E-004
1.6435E-004
1.5650E-004
1.3748E-004
1.6937E-004
1.5708E-004
1.5315E-004
1.6769E-004
1.4363E-004
1.5875E-004
1.8494E-004
1.8603E-004
1.4195E-004
1.7776E-004
1.4923E-004
1.6435E-004
2.1090E-004
1.5930E-004
2.0711E-004
1.7271E-004
1.8874E-004
2.0170E-004
1.6435E-004
2.0064E-004
1.9414E-004
1.9089E-004
1.9900E-004
1.6377E-004
1.6602E-004
1.8494E-004
1.8980E-004
1.8385E-004
1.8980E-004
2.2497E-004
2.1686E-004
1.6937E-004
2.0064E-004
2.1200E-004
2.2606E-004
1.7944E-004
1.7719E-004
1.9900E-004
1.8874E-004
2.1470E-004
2.2442E-004
2.1795E-004
2.1036E-004
2.1576E-004
2.0659E-004
2.3307E-004
2.0981E-004
2.3146E-004
2.3362E-004
2.2551E-004
2.3146E-004
2.1686E-004
2.3092E-004
2.2497E-004
2.2876E-004
2.3523E-004
2.0225E-004
2.2390E-004
2.3632E-004
2.2982E-004
2.3903E-004
2.2172E-004
2.4617E-004
2.5669E-004
2.4012E-004
2.4617E-004
2.5447E-004
2.1470E-004
2.3903E-004
2.3793E-004
2.4839E-004
2.2606E-004
2.3523E-004
2.5061E-004
2.3903E-004
2.4562E-004
2.4067E-004
2.4784E-004
2.2821E-004
2.4675E-004
2.5556E-004
2.2712E-004
2.3146E-004
2.4121E-004
2.5392E-004
2.4285E-004
2.4562E-004
2.3523E-004
2.2336E-004
2.3848E-004
2.3092E-004
2.3201E-004
2.3742E-004
2.2390E-004
2.3742E-004
2.4951E-004
2.1361E-004
2.4121E-004
2.1576E-004
2.4784E-004
2.4176E-004
1.9469E-004
2.1251E-004
2.1200E-004
1.9089E-004
2.2442E-004
2.2226E-004
2.2712E-004
2.1251E-004
2.1686E-004
2.1795E-004
2.4012E-004
2.1686E-004
2.0550E-004
2.0605E-004
2.3253E-004
2.2661E-004
2.1686E-004
2.1795E-004
2.1740E-004
2.1361E-004
1.9900E-004
1.9739E-004
2.0225E-004
1.8928E-004
1.9469E-004
1.9575E-004
1.8439E-004
2.0930E-004
2.0225E-004
2.1145E-004
2.0550E-004
1.8710E-004
2.0605E-004
1.9684E-004
1.8710E-004
1.9035E-004
1.8980E-004
1.8819E-004
1.9089E-004
1.8224E-004
1.9524E-004
1.9955E-004
2.0064E-004
1.7776E-004
1.8980E-004
1.9144E-004
1.8549E-004
2.0389E-004
2.0116E-004
1.9305E-004
1.8928E-004
2.3092E-004
1.8224E-004
2.0605E-004
2.4729E-004
1.9359E-004
1.8224E-004
1.8710E-004
2.2931E-004
2.2497E-004
2.5502E-004
2.3092E-004
2.0116E-004
2.4894E-004
2.9536E-004
2.1631E-004
2.5338E-004
2.1361E-004
2.4285E-004
2.8266E-004
2.5392E-004
3.0424E-004
2.4951E-004
2.6055E-004
3.3587E-004
2.9369E-004
3.1200E-004
3.5305E-004
3.0424E-004
3.4585E-004
3.7069E-004
3.5360E-004
3.9157E-004
3.3529E-004
4.7052E-004
2.5225E-004
4.8835E-004
3.4697E-004
4.9170E-004
4.8722E-004
3.1753E-004
5.1904E-004
3.9488E-004
3.6132E-004
5.6065E-004
4.5640E-004
5.2905E-004
6.5682E-004
5.8558E-004
5.0119E-004
5.8999E-004
5.6785E-004
5.2461E-004
4.5370E-004
6.5682E-004
6.0823E-004
5.1625E-004
4.7551E-004
5.2181E-004
6.3803E-004
7.2220E-004
5.3626E-004
7.6229E-004
7.2004E-004
7.6007E-004
7.4491E-004
7.1029E-004
7.7001E-004
7.6116E-004
7.1895E-004
7.4871E-004
8.0270E-004
7.4437E-004
7.5412E-004
7.7998E-004
7.6007E-004
7.6116E-004
6.6901E-004
7.7059E-004
7.6116E-004
7.0923E-004
7.6338E-004
7.1354E-004
7.6615E-004
7.6171E-004
6.9778E-004
7.6338E-004
7.3516E-004
7.6229E-004
7.8606E-004
7.4707E-004
7.7834E-004
7.6505E-004
7.6615E-004
7.5141E-004
7.1139E-004
7.1949E-004
6.6457E-004
5.8227E-004
7.3787E-004
6.8172E-004
5.8944E-004
6.6071E-004
6.0048E-004
7.0489E-004
6.2422E-004
5.5289E-004
6.4411E-004
5.4791E-004
5.3462E-004
5.4459E-004
6.2091E-004
5.2014E-004
5.0955E-004
5.5897E-004
5.6563E-004
5.4958E-004
5.8114E-004
5.0341E-004
5.2126E-004
4.9839E-004
5.0788E-004
5.3462E-004
5.1904E-004
5.2963E-004
5.0061E-004
4.9057E-004
5.2741E-004
5.1177E-004
5.2516E-004
5.0843E-004
5.0173E-004
5.2181E-004
5.1512E-004
5.2905E-004
5.3127E-004
5.0955E-004
5.2072E-004
5.4569E-004
5.2461E-004
5.7561E-004
5.1679E-004
5.1065E-004
5.3571E-004
5.2850E-004
5.5289E-004
6.0823E-004
5.4958E-004
5.6454E-004
5.3903E-004
5.4681E-004
5.3185E-004
5.7670E-004
6.2754E-004
5.5399E-004
5.9939E-004
6.1982E-004
6.2036E-004
5.7783E-004
6.1486E-004
6.0878E-004
6.0215E-004
5.9498E-004
5.7339E-004
5.6731E-004
5.8504E-004
6.2313E-004
5.8449E-004
6.4247E-004
6.4688E-004
6.0601E-004
6.3471E-004
6.3362E-004
5.8668E-004
6.3031E-004
5.9057E-004
6.2146E-004
6.4633E-004
6.2866E-004
6.4301E-004
6.2809E-004
6.2976E-004
6.3970E-004
6.5350E-004
6.6570E-004
6.2699E-004
6.5132E-004
6.5572E-004
6.5241E-004
6.7731E-004
6.5849E-004
6.5849E-004
6.7287E-004
6.2204E-004
6.7178E-004
6.7233E-004
6.6734E-004
6.6016E-004
6.6847E-004
6.6679E-004
6.7011E-004
6.5958E-004
6.8117E-004
6.6181E-004
6.5904E-004
6.5132E-004
6.5572E-004
6.4079E-004
6.5682E-004
6.5682E-004
6.2809E-004
6.7342E-004
6.6071E-004
6.4301E-004
6.5682E-004
6.2921E-004
6.6956E-004
6.0325E-004
6.3526E-004
6.6734E-004
6.0601E-004
6.4964E-004
6.1541E-004
6.1486E-004
6.0933E-004
6.2091E-004
6.3693E-004
6.3803E-004
6.0656E-004
6.2422E-004
6.0987E-004
6.4520E-004
6.1319E-004
6.2368E-004
6.2921E-004
6.0325E-004
6.2422E-004
6.1042E-004
6.2258E-004
6.0933E-004
6.0769E-004
6.0547E-004
6.1264E-004
6.2146E-004
6.2204E-004
5.8449E-004
6.0547E-004
6.1982E-004
5.8780E-004
5.9498E-004
6.0987E-004
6.1541E-004
6.1486E-004
5.9717E-004
6.0711E-004
6.1097E-004
5.9607E-004
6.1155E-004
5.9717E-004
6.3198E-004
5.9552E-004
5.9939E-004
5.9774E-004
5.7451E-004
6.0161E-004
5.9607E-004
5.6396E-004
5.9993E-004
5.5511E-004
5.7838E-004
5.6010E-004
5.6119E-004
5.9276E-004
5.7950E-004
5.5511E-004
5.4845E-004
5.7007E-004
5.8890E-004
5.4292E-004
5.5679E-004
5.4070E-004
5.6618E-004
5.3462E-004
5.5344E-004
5.2628E-004
5.2516E-004
5.1399E-004
5.1123E-004
5.3404E-004
4.6184E-004
5.1065E-004
4.7329E-004
4.3526E-004
5.2628E-004
4.6563E-004
5.5344E-004
4.3906E-004
4.2172E-004
4.9115E-004
3.3253E-004
4.0807E-004
4.6563E-004
4.1901E-004
4.3581E-004
4.2821E-004
4.9726E-004
3.7014E-004
3.6792E-004
4.5045E-004
3.5637E-004
4.0862E-004
3.5582E-004
3.4086E-004
4.2226E-004
3.2863E-004
3.3864E-004
3.4363E-004
2.7493E-004
3.7342E-004
2.7712E-004
3.2419E-004
3.1699E-004
2.7712E-004
3.3475E-004
2.4343E-004
2.9980E-004
2.6332E-004
2.5614E-004
3.0701E-004
2.2497E-004
2.7657E-004
3.2143E-004
1.9144E-004
2.6277E-004
2.2661E-004
2.0981E-004
3.0756E-004
2.1090E-004
2.4507E-004
1.8928E-004
1.9144E-004
2.2931E-004
1.7384E-004
1.8494E-004
2.0659E-004
1.7944E-004
2.1956E-004
1.6711E-004
2.0820E-004
1.9684E-004
1.8111E-004
2.0389E-004
1.7831E-004
2.3146E-004
1.6042E-004
1.8111E-004
1.9359E-004
1.5930E-004
1.6882E-004
1.8928E-004
1.5148E-004
1.6937E-004
1.6322E-004
1.6937E-004
2.0009E-004
1.4810E-004
1.6264E-004
1.7104E-004
1.8439E-004
1.6991E-004
1.6155E-004
1.7329E-004
1.7497E-004
1.5537E-004
1.7384E-004
1.4363E-004
1.7664E-004
1.7664E-004
1.6657E-004
1.6602E-004
1.5817E-004
1.4755E-004
1.6042E-004
1.5875E-004
1.6544E-004
1.7664E-004
1.6991E-004
1.5370E-004
1.5817E-004
1.4810E-004
1.7329E-004
1.5984E-004
1.7384E-004
1.6991E-004
1.4363E-004
1.8111E-004
1.7497E-004
1.7497E-004
1.5260E-004
1.5875E-004
1.7497E-004
1.6322E-004
1.6097E-004
1.8603E-004
1.5762E-004
1.5260E-004
1.5762E-004
1.5428E-004
2.0495E-004
1.8278E-004
1.6602E-004
1.7104E-004
1.5875E-004
1.8111E-004
1.6657E-004
1.7776E-004
2.0334E-004
1.8166E-004
2.0441E-004
1.9845E-004
1.5370E-004
2.1036E-004
1.7886E-004
2.1415E-004
1.9305E-004
1.9305E-004
2.0820E-004
1.6769E-004
1.9900E-004
2.2606E-004
1.9144E-004
2.1686E-004
2.1956E-004
1.9469E-004
2.0441E-004
2.0064E-004
2.3523E-004
2.2281E-004
2.2011E-004
2.3957E-004
2.1361E-004
2.2065E-004
2.3417E-004
2.3742E-004
2.2551E-004
2.0550E-004
2.4176E-004
2.3092E-004
2.0389E-004
2.2982E-004
2.3793E-004
2.3471E-004
2.3742E-004
2.3578E-004
2.5338E-004
2.2442E-004
2.5283E-004
2.4894E-004
2.4675E-004
2.3471E-004
2.2712E-004
2.4398E-004
2.4176E-004
2.4562E-004
2.3471E-004
2.4507E-004
2.4784E-004
2.0981E-004
2.2982E-004
2.4784E-004
2.4067E-004
2.6110E-004
2.1901E-004
2.4839E-004
2.2876E-004
2.4729E-004
2.6554E-004
2.4562E-004
2.5225E-004
2.3632E-004
2.3578E-004
2.3957E-004
2.3632E-004
2.3146E-004
2.3578E-004
2.0875E-004
2.2712E-004
2.3417E-004
2.4285E-004
2.1470E-004
2.2336E-004
2.4231E-004
2.0711E-004
2.3903E-004
2.3957E-004
2.2712E-004
2.5116E-004
2.1470E-004
2.1740E-004
2.2821E-004
2.0441E-004
2.1251E-004
2.1361E-004
2.3253E-004
2.3578E-004
2.0009E-004
2.0064E-004
2.0441E-004
2.1145E-004
1.9144E-004
1.9575E-004
2.0766E-004
1.7049E-004
1.9089E-004
2.1415E-004
1.8764E-004
1.9575E-004
1.9630E-004
1.8111E-004
2.0225E-004
1.8278E-004
2.1145E-004
1.9845E-004
1.9794E-004
1.9845E-004
1.9900E-004
1.8549E-004
2.1415E-004
1.8494E-004
1.7776E-004
1.9469E-004
1.8819E-004
1.7551E-004
1.9845E-004
1.8494E-004
1.8980E-004
1.8603E-004
2.0064E-004
1.9955E-004
1.8385E-004
1.8980E-004
1.8278E-004
1.9739E-004
2.0711E-004
1.9630E-004
1.7886E-004
2.0064E-004
2.0550E-004
2.2821E-004
2.8266E-004
2.1036E-004
2.1036E-004
2.2281E-004
2.3848E-004
2.2551E-004
2.2065E-004
1.8278E-004
2.0820E-004
2.0009E-004
2.6663E-004
2.0605E-004
2.7049E-004
2.3092E-004
2.3253E-004
2.8597E-004
2.1901E-004
3.3587E-004
3.2863E-004
3.6132E-004
3.0646E-004
2.6608E-004
4.2657E-004
4.1467E-004
2.6332E-004
3.2587E-004
2.8266E-004
3.4031E-004
3.3751E-004
3.9102E-004
4.5695E-004
4.0643E-004
3.2197E-004
3.6132E-004
4.3146E-004
5.2628E-004
5.7007E-004
5.2181E-004
5.3349E-004
4.9504E-004
6.3748E-004
5.3240E-004
4.6509E-004
5.6563E-004
4.6184E-004
5.8835E-004
4.6618E-004
6.6403E-004
6.9556E-004
5.5511E-004
7.3195E-004
6.3584E-004
6.8671E-004
7.3516E-004
6.9610E-004
6.5405E-004
7.1789E-004
6.5350E-004
7.4707E-004
7.7059E-004
6.6235E-004
7.4276E-004
7.4652E-004
7.6892E-004
7.1084E-004
7.5032E-004
7.6837E-004
7.7445E-004
7.0975E-004
7.8053E-004
7.7336E-004
7.7001E-004
7.4276E-004
7.0975E-004
7.2435E-004
7.7059E-004
7.6283E-004
7.8497E-004
6.9942E-004
7.4005E-004
7.5087E-004
7.0868E-004
7.4057E-004
7.0975E-004
6.4411E-004
7.7168E-004
6.5350E-004
6.3857E-004
7.0704E-004
5.8227E-004
6.6847E-004
7.2381E-004
6.7233E-004
6.0987E-004
5.6895E-004
6.3693E-004
5.6563E-004
6.5296E-004
5.8944E-004
5.6785E-004
6.6126E-004
6.3140E-004
5.4791E-004
6.4025E-004
5.5399E-004
6.4079E-004
4.9504E-004
5.4623E-004
6.4411E-004
5.1959E-004
5.6454E-004
5.1010E-004
5.3848E-004
5.6010E-004
4.9839E-004
4.9726E-004
5.0119E-004
5.1232E-004
5.3294E-004
4.9617E-004
4.8446E-004
5.0675E-004
5.1847E-004
5.0843E-004
5.0453E-004
5.0061E-004
4.9784E-004
5.1345E-004
5.2406E-004
5.2294E-004
5.1904E-004
5.2574E-004
5.3516E-004
5.0955E-004
5.6509E-004
5.3127E-004
5.2239E-004
5.6785E-004
5.2294E-004
5.5013E-004
5.2406E-004
5.0843E-004
5.2796E-004
5.5897E-004
5.5289E-004
5.7670E-004
5.6454E-004
5.8999E-004
5.7561E-004
5.8999E-004
6.0048E-004
6.1097E-004
5.7561E-004
5.7670E-004
5.6731E-004
6.0161E-004
5.7007E-004
6.3140E-004
5.8726E-004
5.5399E-004
6.2754E-004
5.7284E-004
6.1319E-004
6.2204E-004
6.1872E-004
6.6126E-004
6.2422E-004
6.2036E-004
6.3584E-004
6.2644E-004
6.5849E-004
6.6016E-004
6.5958E-004
6.5572E-004
6.3915E-004
6.5682E-004
6.2477E-004
6.4025E-004
6.6293E-004
6.4578E-004
6.5463E-004
6.4079E-004
6.6348E-004
6.4910E-004
6.2809E-004
6.4301E-004
6.6071E-004
6.6679E-004
6.5518E-004
6.6235E-004
6.4189E-004
6.5296E-004
6.3970E-004
6.7178E-004
6.5186E-004
6.6570E-004
6.5572E-004
6.6570E-004
6.4964E-004
6.6293E-004
6.4964E-004
6.4742E-004
6.5740E-004
6.2921E-004
6.3471E-004
6.5405E-004
6.4411E-004
6.7564E-004
5.9884E-004
6.3803E-004
6.6625E-004
6.3140E-004
6.7619E-004
6.2422E-004
6.5740E-004
6.4910E-004
6.2976E-004
6.4578E-004
6.3471E-004
6.3915E-004
6.4301E-004
6.1650E-004
6.1042E-004
6.2422E-004
6.1264E-004
6.2368E-004
6.2036E-004
6.2809E-004
6.1872E-004
6.0215E-004
6.0878E-004
6.1927E-004
6.0656E-004
6.2036E-004
6.1209E-004
6.2146E-004
6.1264E-004
6.3140E-004
6.0379E-004
5.9829E-004
6.3639E-004
5.9884E-004
6.2204E-004
6.0878E-004
6.0769E-004
6.1097E-004
5.7284E-004
5.9884E-004
6.0437E-004
6.2036E-004
5.8944E-004
5.9993E-004
5.8336E-004
5.8336E-004
5.9057E-004
5.8005E-004
5.7616E-004
5.7892E-004
5.9443E-004
5.6953E-004
5.9112E-004
5.7561E-004
5.6232E-004
5.6065E-004
5.8890E-004
4.9559E-004
5.7172E-004
5.6177E-004
6.0106E-004
5.8504E-004
5.5621E-004
5.9166E-004
4.8220E-004
5.3738E-004
5.5180E-004
4.9450E-004
5.4623E-004
5.1567E-004
4.4829E-004
4.7886E-004
5.2796E-004
5.5399E-004
4.5370E-004
4.7718E-004
5.5289E-004
4.8053E-004
5.6396E-004
4.1576E-004
4.3581E-004
4.9057E-004
4.8780E-004
4.5315E-004
4.1193E-004
4.2007E-004
4.7718E-004
4.7162E-004
4.3311E-004
4.7274E-004
3.8993E-004
4.5804E-004
3.8883E-004
4.2657E-004
4.8388E-004
3.8993E-004
3.7397E-004
3.6959E-004
3.6354E-004
3.9269E-004
2.6608E-004
3.2365E-004
2.7879E-004
3.5473E-004
3.1033E-004
2.4507E-004
4.0807E-004
2.9536E-004
2.8156E-004
3.4530E-004
2.7326E-004
3.4308E-004
2.5392E-004
2.5888E-004
3.0589E-004
2.9591E-004
3.1531E-004
2.7104E-004
2.8043E-004
2.3307E-004
2.5392E-004
2.2712E-004
2.2551E-004
1.9684E-004
2.2821E-004
2.1306E-004
2.1956E-004
2.0116E-004
2.2226E-004
2.4617E-004
1.9144E-004
2.0495E-004
2.0820E-004
2.0225E-004
2.1251E-004
1.6937E-004
1.6937E-004
1.9305E-004
1.6155E-004
2.3146E-004
1.6042E-004
1.8439E-004
1.7049E-004
1.5595E-004
1.7831E-004
1.7664E-004
1.7719E-004
1.7497E-004
1.5202E-004
1.7439E-004
1.6097E-004
1.5035E-004
1.6264E-004
1.5537E-004
1.6882E-004
1.4028E-004
1.6489E-004
1.6882E-004
1.6042E-004
1.5148E-004
1.5035E-004
1.4980E-004
1.5260E-004
1.6097E-004
1.5595E-004
1.5762E-004
1.5202E-004
1.5595E-004
1.5482E-004
1.4421E-004
1.5202E-004
1.5875E-004
1.6544E-004
1.5315E-004
1.6042E-004
1.6097E-004
1.7104E-004
1.4868E-004
1.7329E-004
1.5650E-004
1.6937E-004
1.7439E-004
1.7551E-004
1.5428E-004
1.6711E-004
1.6711E-004
1.6991E-004
1.5817E-004
1.6264E-004
1.7776E-004
1.6711E-004
1.8603E-004
2.0009E-004
1.5202E-004
1.7497E-004
1.7719E-004
1.7439E-004
1.7776E-004
1.7944E-004
1.9199E-004
1.7104E-004
1.8928E-004
2.2497E-004
1.8549E-004
2.1795E-004
1.9524E-004
2.0766E-004
2.1795E-004
2.1956E-004
2.0605E-004
1.9794E-004
1.8385E-004
2.0064E-004
1.8603E-004
2.1200E-004
2.0875E-004
2.2172E-004
2.0389E-004
2.1415E-004
2.1740E-004
2.2767E-004
2.2931E-004
2.1901E-004
2.0711E-004
2.3146E-004
2.1847E-004
2.2876E-004
2.2606E-004
2.0981E-004
2.3362E-004
2.3417E-004
2.1036E-004
2.3362E-004
2.1686E-004
2.1956E-004
2.5283E-004
2.2821E-004
2.2821E-004
2.4067E-004
2.3903E-004
2.5669E-004
2.3471E-004
2.4343E-004
2.2661E-004
2.3578E-004
2.3903E-004
2.5225E-004
2.4398E-004
2.5614E-004
2.4231E-004
2.3146E-004
2.3687E-004
2.3742E-004
2.3903E-004
2.4176E-004
2.5502E-004
2.4285E-004
2.2712E-004
2.3417E-004
2.5669E-004
2.3687E-004
2.4231E-004
2.3848E-004
2.0441E-004
2.5338E-004
2.1145E-004
2.5833E-004
2.3417E-004
2.1145E-004
2.3037E-004
2.1847E-004
2.2065E-004
2.3903E-004
2.1036E-004
2.2821E-004
2.1361E-004
1.9955E-004
2.0930E-004
2.0334E-004
2.1795E-004
2.0064E-004
1.8056E-004
2.3362E-004
1.8494E-004
2.5283E-004
2.1740E-004
2.1036E-004
2.1740E-004
2.0441E-004
2.1901E-004
2.1631E-004
1.9845E-004
1.8658E-004
1.9630E-004
1.9575E-004
2.0820E-004
1.7998E-004
2.0441E-004
1.7049E-004
1.9739E-004
1.9684E-004
1.8819E-004
1.8166E-004
1.8385E-004
1.8494E-004
1.9414E-004
1.7944E-004
1.8980E-004
1.9524E-004
1.9469E-004
2.0225E-004
1.9630E-004
1.9305E-004
1.8494E-004
2.0064E-004
1.9900E-004
1.8658E-004
1.8658E-004
1.6769E-004
1.8439E-004
1.9684E-004
2.3201E-004
1.9089E-004
2.0170E-004
2.1795E-004
1.8494E-004
2.1686E-004
2.1036E-004
2.1901E-004
2.0009E-004
2.1036E-004
2.0711E-004
2.0930E-004
2.1090E-004
2.0280E-004
2.2336E-004
1.9739E-004
2.2931E-004
2.1036E-004
2.3523E-004
2.6386E-004
2.4176E-004
2.3362E-004
2.6110E-004
2.5614E-004
2.2606E-004
2.7435E-004
2.5778E-004
2.4617E-004
2.4617E-004
3.1312E-004
2.9536E-004
4.2821E-004
2.4617E-004
3.5418E-004
3.1090E-004
3.1644E-004
4.3635E-004
2.8211E-004
4.6998E-004
4.1084E-004
3.4585E-004
5.3516E-004
3.1811E-004
4.3742E-004
4.5589E-004
3.0090E-004
5.8613E-004
3.1255E-004
4.9115E-004
6.7455E-004
3.7509E-004
4.8111E-004
4.8555E-004
4.2007E-004
4.2332E-004
4.3635E-004
6.0656E-004
5.2516E-004
6.2754E-004
6.2036E-004
5.1010E-004
5.3185E-004
6.2368E-004
5.6895E-004
6.9002E-004
7.1570E-004
7.6448E-004
6.7178E-004
5.7783E-004
7.6724E-004
6.9057E-004
7.6724E-004
7.6061E-004
7.2435E-004
7.7667E-004
7.7390E-004
7.7001E-004
7.5952E-004
6.6625E-004
7.6892E-004
7.6171E-004
