1.7998E-004
2.1251E-004
1.9199E-004
1.8333E-004
2.0170E-004
1.9955E-004
1.9089E-004
1.8764E-004
2.0875E-004
2.3848E-004
1.8111E-004
2.0875E-004
2.0170E-004
2.1036E-004
2.6663E-004
2.1036E-004
2.8764E-004
2.4507E-004
2.5225E-004
3.0367E-004
2.7435E-004
2.3471E-004
3.2143E-004
2.7548E-004
2.6885E-004
2.8874E-004
2.8098E-004
3.3697E-004
3.0145E-004
3.1145E-004
2.9482E-004
3.1367E-004
4.0038E-004
3.7892E-004
3.6850E-004
4.1682E-004
3.2976E-004
4.2876E-004
3.4974E-004
4.5099E-004
4.0479E-004
4.0202E-004
3.6737E-004
4.2821E-004
5.1065E-004
4.5424E-004
4.1737E-004
5.2963E-004
5.6785E-004
5.3571E-004
5.8558E-004
4.7609E-004
6.1486E-004
6.3031E-004
6.2146E-004
7.0434E-004
5.2014E-004
6.9665E-004
6.5463E-004
5.0843E-004
7.2110E-004
6.0601E-004
7.6670E-004
7.2921E-004
6.8172E-004
6.8780E-004
7.2870E-004
7.3356E-004
7.4382E-004
6.8285E-004
7.7776E-004
7.6393E-004
7.6892E-004
8.0048E-004
7.5897E-004
8.0379E-004
7.9050E-004
7.3356E-004
8.0212E-004
7.8388E-004
7.4762E-004
7.2815E-004
7.4382E-004
7.5788E-004
7.7944E-004
7.6338E-004
7.8388E-004
7.6560E-004
6.6181E-004
7.2545E-004
7.8886E-004
6.6956E-004
7.4597E-004
6.4578E-004
7.1354E-004
7.2435E-004
6.1486E-004
7.5572E-004
6.7455E-004
6.7619E-004
7.2706E-004
6.1374E-004
5.9993E-004
6.2590E-004
6.7397E-004
6.1982E-004
5.6953E-004
6.8339E-004
6.9224E-004
6.0823E-004
6.1428E-004
5.7062E-004
5.6509E-004
5.3462E-004
5.5955E-004
6.0878E-004
5.8336E-004
5.5566E-004
5.4791E-004
5.2516E-004
5.4292E-004
5.3571E-004
5.2963E-004
5.9166E-004
5.5235E-004
5.6396E-004
5.4237E-004
5.2516E-004
5.4401E-004
5.5122E-004
5.2574E-004
5.2294E-004
5.2741E-004
5.3185E-004
5.3240E-004
5.3848E-004
5.0788E-004
5.3571E-004
5.3903E-004
5.4347E-004
5.4623E-004
5.2574E-004
5.3571E-004
5.4070E-004
5.4958E-004
5.3018E-004
5.3185E-004
5.5955E-004
5.2181E-004
5.2796E-004
5.2072E-004
5.2683E-004
5.3349E-004
5.6731E-004
5.3127E-004
5.2905E-004
5.5566E-004
5.3018E-004
5.2072E-004
5.3294E-004
5.1625E-004
5.3626E-004
5.1399E-004
5.1625E-004
5.3960E-004
5.3018E-004
5.1792E-004
5.1065E-004
5.4125E-004
5.1345E-004
5.1567E-004
4.8835E-004
4.9951E-004
5.0563E-004
5.1625E-004
4.9784E-004
4.8500E-004
4.2767E-004
4.5370E-004
4.9170E-004
3.7287E-004
4.5424E-004
4.4829E-004
3.6023E-004
4.3906E-004
4.4121E-004
4.7831E-004
3.9433E-004
4.2007E-004
4.0479E-004
3.8993E-004
3.8719E-004
3.7014E-004
3.5859E-004
3.9433E-004
4.1847E-004
3.6904E-004
3.6464E-004
3.8497E-004
3.8388E-004
3.5029E-004
3.8719E-004
3.1699E-004
3.2419E-004
3.1975E-004
2.7989E-004
3.2863E-004
2.8764E-004
2.4617E-004
2.7657E-004
3.4253E-004
2.4507E-004
3.3031E-004
2.0116E-004
2.7825E-004
2.8211E-004
2.6773E-004
2.8375E-004
2.5225E-004
2.3687E-004
2.3687E-004
2.1361E-004
2.1036E-004
2.1740E-004
1.9955E-004
1.8385E-004
1.9900E-004
2.1036E-004
1.8439E-004
1.8764E-004
1.9469E-004
1.9035E-004
2.1470E-004
1.9305E-004
1.6937E-004
2.1200E-004
1.6097E-004
1.7049E-004
1.7719E-004
1.6991E-004
1.7439E-004
1.6097E-004
1.8166E-004
1.6602E-004
1.5370E-004
1.7271E-004
1.6657E-004
1.6264E-004
1.8874E-004
1.6042E-004
1.8494E-004
1.5260E-004
1.7104E-004
1.5762E-004
1.4868E-004
1.5148E-004
1.5930E-004
1.8439E-004
1.5260E-004
1.7551E-004
1.7271E-004
1.5090E-004
1.5370E-004
1.5482E-004
1.6377E-004
1.6769E-004
1.5260E-004
1.7719E-004
1.6657E-004
1.8439E-004
2.0009E-004
1.4533E-004
1.5708E-004
1.5650E-004
1.8658E-004
1.5090E-004
1.8333E-004
1.7609E-004
1.6097E-004
1.7998E-004
2.0170E-004
1.5875E-004
1.8166E-004
1.7497E-004
1.8603E-004
1.7998E-004
1.8980E-004
1.8056E-004
2.0441E-004
1.8111E-004
2.0659E-004
1.7719E-004
2.2876E-004
2.1251E-004
1.9144E-004
2.3523E-004
2.1306E-004
2.2821E-004
2.2661E-004
1.8494E-004
2.6000E-004
2.2767E-004
2.3687E-004
2.9260E-004
2.5833E-004
3.0367E-004
2.3578E-004
2.5888E-004
2.9758E-004
2.8764E-004
3.5582E-004
2.9482E-004
2.3848E-004
2.4176E-004
2.4839E-004
3.1033E-004
4.4990E-004
2.9260E-004
3.8114E-004
3.0811E-004
4.3471E-004
4.2876E-004
2.7879E-004
4.4501E-004
3.6628E-004
3.4861E-004
3.6409E-004
3.9215E-004
4.0753E-004
4.3037E-004
3.7287E-004
3.5083E-004
3.2033E-004
4.4070E-004
3.5029E-004
4.7609E-004
5.1232E-004
3.8774E-004
6.2091E-004
5.4845E-004
5.9939E-004
6.1428E-004
6.0215E-004
5.0228E-004
6.4134E-004
5.2072E-004
6.9388E-004
5.5511E-004
6.0933E-004
7.6837E-004
5.8227E-004
7.3031E-004
7.5087E-004
6.9388E-004
7.3356E-004
7.6560E-004
7.5897E-004
6.4025E-004
6.9224E-004
7.3246E-004
7.1409E-004
7.6393E-004
7.5463E-004
7.7114E-004
7.8275E-004
7.9549E-004
7.8719E-004
7.8719E-004
7.9659E-004
7.7059E-004
7.5193E-004
8.1431E-004
7.8388E-004
7.8606E-004
7.5627E-004
7.3787E-004
7.8388E-004
7.2870E-004
7.2329E-004
7.2921E-004
7.5247E-004
7.1625E-004
7.1139E-004
7.4166E-004
7.0759E-004
6.8561E-004
7.7558E-004
6.3085E-004
6.5904E-004
5.7172E-004
6.3857E-004
7.1625E-004
5.7117E-004
6.4742E-004
5.9221E-004
5.8282E-004
6.6457E-004
5.5399E-004
6.9224E-004
5.6454E-004
5.5733E-004
6.0161E-004
5.5399E-004
5.3127E-004
5.6119E-004
5.3462E-004
5.6010E-004
5.3127E-004
5.3294E-004
5.4401E-004
5.2072E-004
5.4459E-004
5.1792E-004
5.2348E-004
5.4015E-004
5.3185E-004
5.2963E-004
5.2406E-004
5.3072E-004
5.2683E-004
5.0955E-004
5.1847E-004
5.2963E-004
5.3516E-004
5.2239E-004
5.1904E-004
5.2294E-004
5.2741E-004
5.3294E-004
5.1457E-004
5.3793E-004
5.2905E-004
5.5457E-004
5.3793E-004
5.3516E-004
5.3571E-004
5.2905E-004
5.3127E-004
5.2905E-004
5.3185E-004
5.2461E-004
5.4569E-004
5.2014E-004
5.4623E-004
5.3571E-004
5.3185E-004
5.5067E-004
5.2963E-004
5.1457E-004
5.6895E-004
5.2348E-004
5.1847E-004
5.3240E-004
5.0730E-004
5.4015E-004
5.2850E-004
4.9559E-004
5.1904E-004
5.1847E-004
5.0119E-004
4.8333E-004
4.8388E-004
5.1734E-004
4.4285E-004
4.9282E-004
4.9894E-004
4.6238E-004
4.8948E-004
4.7052E-004
3.9598E-004
4.8722E-004
4.2931E-004
5.1123E-004
4.5534E-004
4.0862E-004
4.2387E-004
4.1576E-004
4.1682E-004
3.7728E-004
3.7455E-004
4.3037E-004
2.9038E-004
3.8002E-004
3.9820E-004
3.2921E-004
3.1921E-004
4.1193E-004
3.0479E-004
3.6959E-004
3.3697E-004
3.3085E-004
3.0312E-004
2.7657E-004
3.1589E-004
2.8430E-004
3.5527E-004
2.3687E-004
2.5392E-004
2.9923E-004
2.3687E-004
2.9260E-004
3.0424E-004
2.2982E-004
2.4675E-004
2.4729E-004
2.3578E-004
2.3848E-004
1.9900E-004
2.4067E-004
2.3037E-004
2.3146E-004
2.0334E-004
1.8874E-004
2.1576E-004
2.2606E-004
1.8980E-004
2.3201E-004
1.6155E-004
1.9089E-004
2.0820E-004
1.7944E-004
1.8439E-004
1.8278E-004
2.0766E-004
1.7049E-004
1.6322E-004
2.2011E-004
1.8603E-004
1.8603E-004
1.7831E-004
1.8166E-004
1.7998E-004
1.8385E-004
1.7944E-004
1.6602E-004
1.5090E-004
1.6711E-004
1.6711E-004
1.6824E-004
1.5875E-004
1.6097E-004
1.5930E-004
1.7886E-004
1.6322E-004
1.6097E-004
1.5708E-004
1.6991E-004
1.5482E-004
1.6097E-004
1.7271E-004
1.5537E-004
1.4253E-004
1.5817E-004
1.6210E-004
1.5315E-004
1.7049E-004
1.7049E-004
1.5817E-004
1.7104E-004
1.6264E-004
1.4195E-004
1.6155E-004
1.7831E-004
1.8333E-004
1.7664E-004
1.6769E-004
1.5875E-004
1.5984E-004
1.7551E-004
1.6602E-004
1.5370E-004
1.7719E-004
1.7271E-004
1.7271E-004
1.8819E-004
1.8658E-004
2.0064E-004
1.7664E-004
2.1306E-004
1.8056E-004
1.9305E-004
1.8549E-004
1.8764E-004
1.8224E-004
2.2281E-004
1.9575E-004
1.8385E-004
1.9144E-004
2.0389E-004
2.0495E-004
1.8980E-004
2.2336E-004
2.5502E-004
2.2982E-004
2.3092E-004
2.0659E-004
2.5778E-004
2.8266E-004
3.0589E-004
2.7381E-004
2.5833E-004
2.9482E-004
3.5527E-004
2.4675E-004
4.2226E-004
3.1090E-004
2.9923E-004
3.5582E-004
2.8542E-004
3.7069E-004
3.2255E-004
4.1248E-004
3.2532E-004
3.5029E-004
4.3526E-004
4.5640E-004
3.9324E-004
4.7998E-004
3.0202E-004
4.6943E-004
4.4070E-004
5.2239E-004
4.6403E-004
3.5695E-004
4.5859E-004
4.9784E-004
5.2294E-004
7.2651E-004
4.3311E-004
6.4247E-004
4.6348E-004
5.1847E-004
6.2921E-004
5.8282E-004
6.7619E-004
6.9057E-004
5.7451E-004
7.3301E-004
6.3584E-004
6.6956E-004
6.9723E-004
6.4025E-004
7.2274E-004
7.8664E-004
6.9446E-004
7.8220E-004
6.6789E-004
7.7998E-004
7.3246E-004
7.4707E-004
7.3896E-004
7.6338E-004
7.5032E-004
8.0601E-004
7.7889E-004
7.6782E-004
7.7336E-004
7.6116E-004
7.4816E-004
7.8497E-004
7.7336E-004
7.7059E-004
7.6837E-004
7.4546E-004
7.8497E-004
7.4276E-004
7.3356E-004
7.2110E-004
7.2381E-004
7.2490E-004
6.4466E-004
7.3356E-004
7.0814E-004
6.7011E-004
7.3031E-004
7.1464E-004
6.6570E-004
7.3410E-004
6.1374E-004
7.2921E-004
5.9939E-004
6.5186E-004
6.6016E-004
6.3471E-004
6.6403E-004
5.8890E-004
5.6895E-004
6.4247E-004
5.7007E-004
6.0215E-004
6.3915E-004
6.1872E-004
5.8391E-004
5.5067E-004
6.1818E-004
6.3198E-004
5.2239E-004
5.4845E-004
5.1959E-004
5.2126E-004
5.2628E-004
5.3738E-004
5.4623E-004
5.1792E-004
5.1904E-004
5.2516E-004
5.3349E-004
5.3185E-004
5.3127E-004
5.3018E-004
5.1512E-004
5.1065E-004
5.2348E-004
5.1399E-004
5.5067E-004
5.2796E-004
5.2628E-004
5.3571E-004
5.4958E-004
5.4900E-004
5.3349E-004
5.3072E-004
5.3127E-004
5.2963E-004
5.4681E-004
5.3903E-004
5.3626E-004
5.5122E-004
5.2628E-004
5.2796E-004
5.2574E-004
5.3072E-004
5.5013E-004
5.3903E-004
5.1232E-004
5.3294E-004
5.1734E-004
5.5122E-004
5.2126E-004
4.8948E-004
5.0286E-004
5.1123E-004
5.2181E-004
5.3294E-004
4.7886E-004
5.3185E-004
5.1625E-004
5.0173E-004
5.3516E-004
5.0788E-004
5.0341E-004
4.9894E-004
4.7274E-004
5.6119E-004
4.6618E-004
4.7998E-004
4.9057E-004
4.5859E-004
4.9559E-004
4.4881E-004
4.3362E-004
5.0395E-004
4.1737E-004
3.5473E-004
4.5099E-004
3.8552E-004
5.0061E-004
3.8497E-004
3.7014E-004
4.2387E-004
3.8060E-004
3.7342E-004
4.1522E-004
3.3307E-004
3.5913E-004
2.7825E-004
3.8169E-004
3.0589E-004
3.8497E-004
3.7728E-004
2.9536E-004
3.2419E-004
2.6663E-004
3.0202E-004
3.4861E-004
2.9980E-004
2.8098E-004
2.4398E-004
2.5502E-004
2.8098E-004
2.7825E-004
2.4675E-004
2.7217E-004
2.0441E-004
2.8488E-004
2.3362E-004
2.0334E-004
2.4176E-004
2.1145E-004
2.3417E-004
2.0495E-004
1.9794E-004
2.1525E-004
1.7776E-004
2.0711E-004
2.0550E-004
1.7049E-004
2.3307E-004
1.5202E-004
2.0064E-004
2.1036E-004
2.0875E-004
2.0280E-004
1.8111E-004
1.8928E-004
1.9794E-004
1.7329E-004
1.8928E-004
1.4363E-004
1.7664E-004
1.7329E-004
1.7384E-004
1.7944E-004
1.6435E-004
1.5817E-004
1.7886E-004
1.3973E-004
1.5984E-004
1.4475E-004
1.6824E-004
1.6882E-004
1.4868E-004
1.5260E-004
1.6602E-004
1.6435E-004
1.6711E-004
1.5650E-004
1.7271E-004
1.4643E-004
1.6210E-004
1.5650E-004
1.5984E-004
1.8224E-004
1.2799E-004
1.5708E-004
1.6042E-004
1.8439E-004
1.6435E-004
1.4701E-004
1.6377E-004
1.5537E-004
1.5482E-004
1.6544E-004
1.7329E-004
1.6602E-004
1.6882E-004
1.5595E-004
1.7162E-004
1.6769E-004
1.7104E-004
1.8224E-004
1.5875E-004
1.8764E-004
1.6544E-004
1.8111E-004
1.8658E-004
1.8764E-004
2.1200E-004
1.9414E-004
1.8874E-004
2.0766E-004
1.7831E-004
1.9955E-004
1.7944E-004
2.2821E-004
1.9089E-004
1.7719E-004
1.9955E-004
2.2117E-004
2.3307E-004
2.5116E-004
2.1795E-004
2.3037E-004
2.0280E-004
2.4894E-004
3.0811E-004
2.5283E-004
2.9150E-004
2.3848E-004
2.4507E-004
3.1255E-004
2.0280E-004
2.9646E-004
2.7657E-004
3.0479E-004
3.4916E-004
3.4697E-004
2.8320E-004
3.6904E-004
2.8542E-004
3.2255E-004
3.3864E-004
3.8552E-004
5.3240E-004
2.9758E-004
4.2172E-004
3.3475E-004
4.7052E-004
4.7052E-004
3.3919E-004
5.4401E-004
4.5695E-004
5.3294E-004
5.8780E-004
5.1734E-004
5.2850E-004
4.9450E-004
4.8722E-004
6.6181E-004
5.8558E-004
5.7117E-004
5.9330E-004
5.1847E-004
6.0601E-004
6.2477E-004
7.0543E-004
7.0543E-004
6.0379E-004
7.2435E-004
7.0975E-004
6.7233E-004
7.2220E-004
5.5235E-004
7.4652E-004
7.2545E-004
7.0653E-004
7.9440E-004
7.5193E-004
7.8719E-004
7.9440E-004
7.5682E-004
7.7445E-004
7.9327E-004
7.6724E-004
7.6283E-004
7.6061E-004
7.5897E-004
7.9826E-004
7.8719E-004
7.2435E-004
7.8111E-004
6.9665E-004
7.5412E-004
6.6293E-004
7.2706E-004
7.5357E-004
7.3896E-004
7.3735E-004
7.0759E-004
6.7123E-004
7.8719E-004
6.7564E-004
6.1155E-004
7.1518E-004
5.7892E-004
7.2165E-004
6.8561E-004
6.8561E-004
6.8285E-004
5.7062E-004
6.7619E-004
5.8114E-004
6.6734E-004
6.3085E-004
5.7670E-004
5.9829E-004
5.5344E-004
5.9884E-004
6.7342E-004
5.4791E-004
5.4791E-004
6.3031E-004
5.4958E-004
5.7172E-004
5.7062E-004
5.5122E-004
5.4459E-004
5.1457E-004
5.5843E-004
5.2406E-004
5.2628E-004
5.2072E-004
5.2850E-004
5.7892E-004
5.1010E-004
5.2406E-004
5.3960E-004
5.2348E-004
5.3404E-004
5.3404E-004
5.3684E-004
5.3018E-004
5.2181E-004
5.1512E-004
5.3516E-004
5.4182E-004
5.0621E-004
5.2683E-004
5.4292E-004
5.1734E-004
5.4292E-004
5.3404E-004
5.4401E-004
5.4125E-004
5.3684E-004
5.2628E-004
5.5788E-004
5.1847E-004
5.5067E-004
5.3462E-004
5.4125E-004
5.3072E-004
5.4125E-004
5.3294E-004
5.4514E-004
5.1792E-004
5.2406E-004
5.2963E-004
5.1399E-004
5.5067E-004
4.9617E-004
5.4237E-004
5.2239E-004
5.0897E-004
5.3127E-004
4.9392E-004
4.8278E-004
5.3072E-004
4.9337E-004
5.1345E-004
4.9672E-004
5.2014E-004
4.8333E-004
4.8166E-004
4.8111E-004
4.6129E-004
4.6943E-004
4.8613E-004
4.1139E-004
4.5749E-004
4.6238E-004
3.9269E-004
4.6403E-004
4.5260E-004
4.4610E-004
4.4395E-004
4.2007E-004
4.1303E-004
3.4308E-004
4.0807E-004
3.8664E-004
3.3697E-004
4.4774E-004
3.0312E-004
3.5305E-004
3.8774E-004
3.4639E-004
3.3973E-004
3.1422E-004
3.2033E-004
3.4475E-004
3.1921E-004
3.0257E-004
3.0868E-004
3.2754E-004
2.7548E-004
2.7217E-004
2.5225E-004
2.6332E-004
2.9591E-004
2.8266E-004
2.2767E-004
2.7435E-004
2.2390E-004
2.3253E-004
2.9038E-004
2.3687E-004
2.3632E-004
2.3742E-004
2.2336E-004
2.3253E-004
1.8764E-004
2.5061E-004
2.1795E-004
2.1740E-004
1.7104E-004
2.0930E-004
1.9305E-004
1.6991E-004
1.6937E-004
1.8278E-004
1.6991E-004
1.7831E-004
1.7831E-004
1.9739E-004
1.8439E-004
1.7271E-004
1.6377E-004
1.6882E-004
1.8710E-004
1.6210E-004
1.7104E-004
1.7329E-004
1.5708E-004
1.5090E-004
1.4141E-004
1.5202E-004
1.5595E-004
1.5875E-004
1.4588E-004
1.4701E-004
1.7162E-004
1.6991E-004
1.6882E-004
1.6322E-004
1.5428E-004
1.5035E-004
1.5537E-004
1.5762E-004
1.6544E-004
1.5370E-004
1.6824E-004
1.6544E-004
1.5370E-004
1.3581E-004
1.7384E-004
1.4923E-004
1.5930E-004
1.7439E-004
1.5315E-004
1.5370E-004
1.6544E-004
1.7217E-004
1.6322E-004
1.6322E-004
1.6544E-004
1.7998E-004
1.5930E-004
1.7384E-004
1.6769E-004
2.0225E-004
1.8764E-004
1.7551E-004
1.8224E-004
1.7551E-004
1.6937E-004
1.5315E-004
1.7886E-004
2.2931E-004
1.5708E-004
1.8603E-004
2.1847E-004
2.0170E-004
1.9359E-004
1.8439E-004
2.3201E-004
2.2982E-004
2.0659E-004
2.2767E-004
2.3632E-004
2.3092E-004
2.1631E-004
2.3253E-004
2.8819E-004
2.4012E-004
2.6496E-004
3.0090E-004
2.1361E-004
3.2863E-004
2.5170E-004
2.5833E-004
2.3417E-004
2.6827E-004
3.8883E-004
2.9591E-004
3.5305E-004
3.8333E-004
3.0646E-004
3.4141E-004
4.4340E-004
3.6078E-004
4.5913E-004
2.9260E-004
4.0367E-004
4.8446E-004
3.1811E-004
4.9839E-004
4.1467E-004
4.9002E-004
4.8166E-004
4.3417E-004
6.5296E-004
5.2181E-004
4.4990E-004
4.7944E-004
5.2963E-004
6.3803E-004
6.5572E-004
4.6782E-004
7.0218E-004
5.7062E-004
5.8726E-004
7.1139E-004
6.6901E-004
7.3841E-004
6.8671E-004
7.1193E-004
7.0000E-004
6.7673E-004
7.4327E-004
7.0704E-004
7.1409E-004
7.5302E-004
6.7455E-004
7.3735E-004
7.2706E-004
7.5302E-004
7.4707E-004
7.4005E-004
7.1679E-004
7.2706E-004
7.3735E-004
7.6892E-004
7.7278E-004
7.7612E-004
8.0711E-004
7.7336E-004
7.4707E-004
7.4057E-004
7.5897E-004
7.5952E-004
7.7998E-004
7.2220E-004
7.5247E-004
7.1840E-004
7.1734E-004
7.5627E-004
6.2976E-004
7.0383E-004
7.0814E-004
6.8671E-004
7.5518E-004
6.2809E-004
6.3748E-004
7.2165E-004
6.6126E-004
6.5350E-004
6.3693E-004
6.5296E-004
6.0711E-004
5.5788E-004
6.6071E-004
6.3584E-004
5.5733E-004
6.3915E-004
5.3018E-004
5.9607E-004
5.8391E-004
5.6287E-004
5.8336E-004
5.3127E-004
6.4964E-004
5.7172E-004
5.4958E-004
5.8114E-004
5.4569E-004
5.2963E-004
5.1904E-004
5.2741E-004
5.0730E-004
5.2850E-004
5.1567E-004
5.5621E-004
5.2014E-004
5.1177E-004
5.3349E-004
5.1734E-004
5.2348E-004
5.4623E-004
5.2963E-004
5.2406E-004
5.3349E-004
5.1734E-004
5.3404E-004
5.2406E-004
5.4070E-004
5.3349E-004
5.1512E-004
5.1959E-004
5.1010E-004
5.4900E-004
5.1232E-004
5.1177E-004
5.1792E-004
5.7117E-004
5.2014E-004
5.3793E-004
5.3516E-004
5.4347E-004
5.0788E-004
5.5180E-004
5.4125E-004
5.4125E-004
5.2516E-004
5.0675E-004
5.5235E-004
5.1734E-004
5.4514E-004
5.0563E-004
5.4401E-004
5.3072E-004
5.4347E-004
5.2850E-004
5.3349E-004
4.7329E-004
4.9282E-004
4.9337E-004
5.0061E-004
5.0341E-004
5.0897E-004
4.9224E-004
4.6943E-004
4.8780E-004
5.1792E-004
4.6023E-004
4.7551E-004
4.6348E-004
4.1467E-004
4.9784E-004
3.9433E-004
4.4720E-004
4.3256E-004
3.8388E-004
4.5859E-004
3.4807E-004
4.2931E-004
3.7838E-004
3.7397E-004
4.0202E-004
3.3365E-004
