3.6737E-004
4.3742E-004
5.6232E-004
4.2931E-004
5.9884E-004
4.3851E-004
6.0106E-004
7.1300E-004
4.9337E-004
6.5463E-004
4.7496E-004
5.9829E-004
7.2220E-004
4.7831E-004
7.1193E-004
6.4688E-004
7.0164E-004
7.7278E-004
6.2146E-004
6.9334E-004
7.5733E-004
6.5904E-004
6.2146E-004
7.5463E-004
6.7123E-004
6.9002E-004
6.9942E-004
7.2921E-004
6.8339E-004
7.7612E-004
6.9002E-004
7.2004E-004
7.5087E-004
7.0653E-004
7.0328E-004
7.0814E-004
7.0164E-004
6.5740E-004
6.8948E-004
7.6892E-004
6.9224E-004
7.0383E-004
6.4189E-004
6.9556E-004
7.5627E-004
6.5849E-004
7.1409E-004
5.4459E-004
6.8172E-004
6.7011E-004
6.0547E-004
5.9774E-004
5.9829E-004
5.9276E-004
7.1789E-004
6.4134E-004
5.3072E-004
5.2683E-004
5.6618E-004
5.8336E-004
5.0730E-004
6.0492E-004
5.8169E-004
4.4881E-004
6.4520E-004
4.3581E-004
4.7609E-004
5.5457E-004
5.9221E-004
4.5534E-004
4.1522E-004
4.4665E-004
5.3185E-004
3.8224E-004
4.4450E-004
3.0202E-004
3.9874E-004
4.0862E-004
4.6348E-004
3.2809E-004
3.7069E-004
3.3307E-004
3.2419E-004
3.0923E-004
3.1033E-004
3.3529E-004
2.9427E-004
3.6354E-004
2.7435E-004
2.8043E-004
2.8983E-004
2.9980E-004
3.1145E-004
3.0257E-004
2.8430E-004
3.1753E-004
2.5724E-004
2.4729E-004
2.6222E-004
2.3687E-004
1.9739E-004
1.8056E-004
2.3362E-004
2.4784E-004
2.3092E-004
2.7049E-004
1.8874E-004
1.9250E-004
2.4507E-004
1.8278E-004
2.4231E-004
1.7217E-004
2.4675E-004
2.4839E-004
1.7609E-004
2.0170E-004
1.7162E-004
1.8278E-004
2.4176E-004
1.3973E-004
2.0389E-004
1.5595E-004
1.6657E-004
1.9900E-004
1.6711E-004
2.2712E-004
1.4308E-004
1.5650E-004
1.4868E-004
1.5482E-004
1.5762E-004
1.3636E-004
1.5202E-004
1.4083E-004
1.2632E-004
1.2854E-004
1.5035E-004
1.5428E-004
1.6155E-004
1.3581E-004
1.1798E-004
1.3636E-004
1.5762E-004
1.3414E-004
1.4028E-004
1.2130E-004
1.4475E-004
1.4195E-004
1.3693E-004
1.3414E-004
1.1853E-004
1.1908E-004
1.5035E-004
1.3246E-004
1.4533E-004
1.4588E-004
1.4421E-004
1.3581E-004
1.1300E-004
1.4643E-004
1.4083E-004
1.3356E-004
1.2632E-004
1.4588E-004
1.2297E-004
1.5260E-004
1.2461E-004
1.0692E-004
1.4421E-004
1.4701E-004
2.0711E-004
1.5984E-004
1.8278E-004
1.6435E-004
1.6544E-004
2.1361E-004
1.9305E-004
1.8439E-004
1.9035E-004
1.6602E-004
2.3632E-004
1.8603E-004
1.6097E-004
1.8166E-004
1.7329E-004
1.8603E-004
2.5170E-004
2.0334E-004
3.1477E-004
2.2117E-004
3.2143E-004
2.6940E-004
1.7049E-004
2.9369E-004
2.6940E-004
2.8430E-004
2.9369E-004
2.6496E-004
3.9984E-004
3.7069E-004
3.8938E-004
3.3809E-004
3.5473E-004
4.2548E-004
3.7342E-004
3.3697E-004
4.7776E-004
3.6245E-004
5.0563E-004
6.0878E-004
4.5913E-004
4.4610E-004
3.0534E-004
4.6074E-004
5.5955E-004
6.0270E-004
4.9784E-004
4.5804E-004
5.8282E-004
5.8336E-004
5.9112E-004
6.4356E-004
5.5621E-004
6.6734E-004
6.6847E-004
6.7233E-004
8.0769E-004
4.7496E-004
6.4079E-004
7.6116E-004
6.7397E-004
7.2274E-004
7.3031E-004
6.9723E-004
6.0547E-004
6.8008E-004
7.7445E-004
6.5463E-004
7.6615E-004
7.6505E-004
6.4910E-004
7.6837E-004
7.8774E-004
7.3571E-004
7.6448E-004
7.7278E-004
7.7612E-004
7.7059E-004
7.7059E-004
6.9112E-004
7.5412E-004
7.7114E-004
7.3085E-004
7.9440E-004
6.1541E-004
7.2490E-004
7.4871E-004
5.9939E-004
7.5572E-004
7.2815E-004
7.9273E-004
7.2651E-004
6.7455E-004
5.6953E-004
6.0987E-004
6.0106E-004
6.9832E-004
5.2014E-004
6.6181E-004
6.4578E-004
5.2516E-004
6.7673E-004
5.1399E-004
7.2921E-004
5.8835E-004
5.7838E-004
5.9057E-004
5.5621E-004
5.8005E-004
5.6895E-004
5.1512E-004
5.9717E-004
5.0061E-004
4.9450E-004
5.0730E-004
5.1512E-004
5.3018E-004
5.1567E-004
5.1679E-004
4.9504E-004
5.0621E-004
4.9504E-004
5.0563E-004
4.9839E-004
5.0395E-004
5.1792E-004
4.8948E-004
4.9951E-004
4.9951E-004
5.0453E-004
5.2126E-004
5.0228E-004
5.0453E-004
5.2181E-004
5.1625E-004
5.2516E-004
5.1399E-004
5.0788E-004
5.3793E-004
5.2014E-004
5.2850E-004
5.5180E-004
5.4070E-004
5.2406E-004
5.4070E-004
5.3571E-004
5.0955E-004
5.1290E-004
5.9166E-004
5.2683E-004
5.7728E-004
5.4401E-004
5.6119E-004
6.0048E-004
5.4514E-004
5.6731E-004
5.9607E-004
5.6065E-004
5.9607E-004
6.2644E-004
6.0106E-004
6.1596E-004
5.4292E-004
6.3471E-004
6.1209E-004
6.1428E-004
5.9498E-004
5.8227E-004
6.1760E-004
5.7394E-004
6.3417E-004
6.6956E-004
6.3307E-004
6.1486E-004
6.5849E-004
6.2204E-004
6.4466E-004
6.3198E-004
6.2976E-004
6.5350E-004
6.1155E-004
6.6901E-004
6.2976E-004
6.7950E-004
6.7895E-004
6.6181E-004
6.3915E-004
6.3362E-004
6.5132E-004
6.8172E-004
6.6181E-004
6.7564E-004
6.5849E-004
6.6956E-004
6.5186E-004
6.5849E-004
7.0218E-004
6.6512E-004
6.6901E-004
6.5740E-004
6.5296E-004
6.7564E-004
6.6734E-004
6.8449E-004
6.8172E-004
6.7123E-004
6.5740E-004
6.7673E-004
6.6293E-004
6.5572E-004
6.5186E-004
6.6293E-004
6.4134E-004
6.5019E-004
6.3085E-004
6.4411E-004
6.5794E-004
6.3471E-004
6.6512E-004
6.6293E-004
6.5627E-004
6.5849E-004
6.2590E-004
6.4797E-004
6.2809E-004
6.3584E-004
6.4520E-004
6.2204E-004
6.1818E-004
6.4520E-004
6.1818E-004
6.3970E-004
6.3085E-004
6.0656E-004
6.2146E-004
6.1374E-004
6.3639E-004
6.3140E-004
6.2091E-004
6.2091E-004
6.4578E-004
6.3085E-004
6.3471E-004
6.2146E-004
6.1486E-004
6.3031E-004
6.1705E-004
6.1927E-004
6.3362E-004
6.1705E-004
6.4356E-004
6.0161E-004
6.0711E-004
6.2699E-004
6.1042E-004
6.1927E-004
6.2204E-004
6.1428E-004
6.2535E-004
6.0656E-004
6.3198E-004
6.2590E-004
6.2368E-004
6.1264E-004
6.1982E-004
6.3085E-004
6.2866E-004
6.4134E-004
6.2535E-004
6.1319E-004
6.2535E-004
6.4520E-004
6.4247E-004
6.3471E-004
6.3417E-004
6.3639E-004
6.6679E-004
6.4079E-004
6.4520E-004
6.2368E-004
6.3362E-004
6.2477E-004
6.5074E-004
6.3693E-004
6.4301E-004
6.4134E-004
6.5958E-004
6.3970E-004
6.5241E-004
6.3584E-004
6.3857E-004
6.3417E-004
6.4742E-004
6.4466E-004
6.3748E-004
6.4578E-004
6.6348E-004
6.3417E-004
6.5958E-004
6.2313E-004
6.3031E-004
6.4466E-004
6.5019E-004
6.4247E-004
6.4797E-004
6.3748E-004
6.2699E-004
6.4301E-004
6.3085E-004
6.2368E-004
6.4025E-004
6.2258E-004
6.2258E-004
6.1428E-004
6.3417E-004
6.2204E-004
6.1650E-004
6.3857E-004
6.3471E-004
6.2699E-004
6.2477E-004
6.1097E-004
6.3417E-004
6.1541E-004
6.1155E-004
6.2368E-004
6.0547E-004
6.1486E-004
6.1705E-004
6.2699E-004
6.3307E-004
6.1541E-004
6.2976E-004
6.3362E-004
6.1872E-004
5.9388E-004
5.9276E-004
5.9276E-004
6.1319E-004
6.0106E-004
6.1927E-004
6.1541E-004
6.0437E-004
6.1541E-004
6.1760E-004
6.0048E-004
6.0437E-004
5.9057E-004
6.1486E-004
5.9884E-004
5.8449E-004
6.3085E-004
6.1596E-004
6.2146E-004
5.7506E-004
6.0878E-004
6.2036E-004
6.3639E-004
5.9993E-004
6.1872E-004
5.5679E-004
5.9993E-004
5.6341E-004
5.5679E-004
6.0547E-004
5.7728E-004
5.7007E-004
5.2963E-004
5.3903E-004
5.4237E-004
4.9337E-004
5.5788E-004
5.5235E-004
5.4015E-004
5.6618E-004
4.7329E-004
4.7551E-004
5.4459E-004
4.7664E-004
5.6840E-004
4.2548E-004
4.8111E-004
5.5013E-004
5.1567E-004
4.9784E-004
4.4395E-004
4.8446E-004
4.3037E-004
4.6348E-004
4.7998E-004
5.2850E-004
4.2278E-004
4.2387E-004
3.1811E-004
3.7673E-004
3.6187E-004
3.4308E-004
4.0367E-004
3.5305E-004
3.4697E-004
3.4195E-004
3.2197E-004
4.0479E-004
3.2532E-004
3.8224E-004
3.2532E-004
2.8706E-004
4.1193E-004
2.8928E-004
3.9488E-004
3.2419E-004
3.2976E-004
2.7326E-004
2.8043E-004
3.7455E-004
3.1975E-004
2.5724E-004
2.6332E-004
2.5833E-004
2.6827E-004
2.8928E-004
2.4285E-004
2.7493E-004
2.7326E-004
2.5116E-004
2.3523E-004
2.1901E-004
2.4729E-004
2.5006E-004
2.3632E-004
2.9205E-004
3.0035E-004
2.4951E-004
2.6496E-004
2.4343E-004
2.7104E-004
2.5338E-004
2.1847E-004
2.3092E-004
2.2931E-004
2.1740E-004
1.9524E-004
2.5556E-004
2.2390E-004
2.4507E-004
2.2551E-004
2.3092E-004
2.1901E-004
2.6164E-004
3.2863E-004
2.1631E-004
2.2117E-004
2.1901E-004
2.1415E-004
2.7217E-004
2.6441E-004
2.1795E-004
2.8706E-004
2.6496E-004
3.0646E-004
3.1255E-004
2.8819E-004
3.1753E-004
2.6110E-004
3.7619E-004
3.2921E-004
3.3085E-004
3.5637E-004
3.2310E-004
3.9215E-004
3.6300E-004
2.9591E-004
5.0006E-004
3.4195E-004
3.4253E-004
5.7783E-004
2.8542E-004
4.4990E-004
4.6673E-004
4.7052E-004
4.8388E-004
5.5235E-004
6.0492E-004
6.5849E-004
5.1625E-004
6.2535E-004
5.3848E-004
8.4437E-004
5.4845E-004
5.6785E-004
7.9105E-004
5.8558E-004
7.5572E-004
6.4189E-004
5.6563E-004
7.1734E-004
5.5289E-004
7.8664E-004
7.7001E-004
7.4276E-004
8.3545E-004
7.7558E-004
7.3356E-004
8.0933E-004
8.5218E-004
8.4829E-004
8.2599E-004
7.3951E-004
8.7947E-004
7.6724E-004
8.2155E-004
8.5942E-004
8.3658E-004
8.6943E-004
8.3880E-004
8.8890E-004
8.3156E-004
8.2654E-004
7.0923E-004
8.6554E-004
8.4215E-004
8.5386E-004
8.3880E-004
7.7223E-004
8.0492E-004
8.5440E-004
6.7233E-004
8.6499E-004
6.4910E-004
5.5897E-004
5.9498E-004
5.5235E-004
8.7168E-004
6.7065E-004
7.1789E-004
6.8726E-004
4.9784E-004
6.1486E-004
5.5180E-004
4.9392E-004
6.5463E-004
4.2496E-004
6.8227E-004
4.1358E-004
5.4845E-004
5.8613E-004
3.7619E-004
5.7007E-004
4.6403E-004
5.3626E-004
4.6454E-004
3.7123E-004
3.8333E-004
3.8278E-004
3.4031E-004
4.0534E-004
2.6940E-004
3.1644E-004
3.8224E-004
3.9157E-004
3.8993E-004
3.0923E-004
3.1921E-004
2.8488E-004
2.9205E-004
3.4861E-004
4.1084E-004
2.8430E-004
3.0257E-004
2.8098E-004
2.7548E-004
2.6663E-004
2.5392E-004
3.1866E-004
1.9955E-004
2.7879E-004
2.5502E-004
2.0659E-004
2.4951E-004
2.2551E-004
2.4398E-004
1.8874E-004
2.1901E-004
2.9758E-004
2.2390E-004
2.3742E-004
2.0009E-004
2.1795E-004
2.2821E-004
2.1631E-004
2.3578E-004
2.2982E-004
2.0225E-004
2.4675E-004
2.3417E-004
2.0225E-004
2.1740E-004
1.4868E-004
2.6496E-004
1.8764E-004
1.5762E-004
2.2767E-004
2.0009E-004
1.7104E-004
1.6824E-004
1.8494E-004
2.1145E-004
1.6991E-004
1.7609E-004
1.5537E-004
1.5817E-004
1.7664E-004
1.7998E-004
1.6377E-004
1.6991E-004
1.6544E-004
1.6155E-004
1.4923E-004
1.8111E-004
1.5035E-004
1.9305E-004
1.4701E-004
1.6489E-004
1.1081E-004
1.6435E-004
1.5984E-004
1.7609E-004
1.5930E-004
1.7944E-004
1.9359E-004
1.5817E-004
1.6377E-004
1.0360E-004
1.4083E-004
1.1136E-004
1.7998E-004
1.8224E-004
1.9414E-004
1.8603E-004
1.6042E-004
1.9089E-004
1.7664E-004
1.7104E-004
1.9199E-004
1.6097E-004
1.6824E-004
2.0766E-004
1.8874E-004
1.8494E-004
1.4308E-004
1.8549E-004
1.9794E-004
2.0389E-004
1.9199E-004
2.1306E-004
1.8819E-004
1.9845E-004
2.0170E-004
2.0009E-004
2.4729E-004
1.7384E-004
2.2767E-004
1.5260E-004
2.5833E-004
2.3037E-004
2.2821E-004
2.4343E-004
2.1251E-004
2.2767E-004
2.7271E-004
2.1525E-004
3.5527E-004
2.3362E-004
2.2712E-004
2.8928E-004
2.2606E-004
3.7728E-004
2.9150E-004
3.6132E-004
3.7178E-004
3.0424E-004
4.2387E-004
3.6023E-004
3.5083E-004
4.3906E-004
3.1200E-004
4.0257E-004
4.1084E-004
3.7342E-004
4.1576E-004
3.4031E-004
4.3960E-004
5.3072E-004
3.8333E-004
4.4881E-004
3.3365E-004
5.7561E-004
4.2007E-004
3.4807E-004
6.2809E-004
4.5315E-004
5.7117E-004
6.4797E-004
4.8613E-004
5.9717E-004
4.7384E-004
6.1155E-004
7.3516E-004
4.7776E-004
6.6570E-004
6.2644E-004
6.6734E-004
6.8008E-004
6.6235E-004
7.4652E-004
7.4166E-004
7.6670E-004
7.2381E-004
7.1679E-004
7.1570E-004
7.5463E-004
7.0328E-004
7.4166E-004
7.2004E-004
7.3896E-004
7.3626E-004
7.4816E-004
7.6229E-004
7.2651E-004
7.5302E-004
6.7786E-004
7.2220E-004
7.1084E-004
7.1679E-004
7.3246E-004
6.6071E-004
7.3195E-004
7.0383E-004
6.9112E-004
7.2976E-004
6.2313E-004
7.3680E-004
6.7178E-004
6.5405E-004
6.9832E-004
7.0109E-004
6.5405E-004
6.6512E-004
6.1486E-004
6.0492E-004
5.6676E-004
6.5019E-004
5.8999E-004
5.7451E-004
5.8944E-004
5.3404E-004
5.4958E-004
6.0878E-004
5.4237E-004
6.1650E-004
4.6238E-004
4.6673E-004
4.9392E-004
4.6509E-004
5.0955E-004
4.5534E-004
4.7664E-004
4.8446E-004
4.9951E-004
4.9504E-004
4.1956E-004
3.9598E-004
5.0788E-004
3.9269E-004
4.2821E-004
3.5305E-004
3.9652E-004
4.1792E-004
4.2062E-004
4.4070E-004
3.8333E-004
3.8552E-004
3.4530E-004
3.6737E-004
4.0148E-004
3.8114E-004
3.6023E-004
4.8890E-004
3.3809E-004
3.8114E-004
3.3198E-004
3.3809E-004
3.2477E-004
3.1589E-004
2.9813E-004
3.6959E-004
2.5061E-004
4.1412E-004
2.6940E-004
2.4453E-004
3.0145E-004
2.5061E-004
2.5833E-004
3.0978E-004
1.8980E-004
2.4839E-004
1.8278E-004
3.1145E-004
2.1306E-004
2.2551E-004
2.3523E-004
2.1686E-004
2.3471E-004
1.9630E-004
1.8764E-004
1.9035E-004
2.1145E-004
1.8764E-004
2.4453E-004
2.0225E-004
2.3362E-004
1.7497E-004
1.9359E-004
1.8710E-004
1.7497E-004
1.6435E-004
1.5595E-004
1.5930E-004
2.0820E-004
1.6544E-004
1.8874E-004
1.4701E-004
1.5875E-004
1.5370E-004
2.0441E-004
1.4588E-004
1.9469E-004
1.6264E-004
2.0009E-004
1.3414E-004
1.7162E-004
1.4643E-004
1.9199E-004
1.8549E-004
1.6435E-004
1.8658E-004
1.6711E-004
1.6042E-004
1.6210E-004
1.5708E-004
1.3468E-004
1.4868E-004
1.6711E-004
1.4253E-004
1.6155E-004
1.5650E-004
1.6657E-004
1.8224E-004
1.6097E-004
1.5202E-004
1.5762E-004
1.6322E-004
1.6210E-004
1.6377E-004
1.8764E-004
1.4810E-004
1.4363E-004
1.7271E-004
1.5595E-004
1.4028E-004
1.6882E-004
1.7049E-004
2.1306E-004
1.8333E-004
1.5428E-004
1.8111E-004
1.7329E-004
1.8056E-004
2.0550E-004
1.7609E-004
2.7159E-004
2.0766E-004
1.6711E-004
2.5502E-004
2.1145E-004
2.5614E-004
1.8658E-004
1.8549E-004
2.4453E-004
2.2606E-004
1.8111E-004
2.9205E-004
1.9524E-004
3.9984E-004
2.5338E-004
2.8098E-004
3.3198E-004
2.1740E-004
3.1753E-004
3.2255E-004
2.7934E-004
3.7673E-004
4.0807E-004
4.6998E-004
4.7609E-004
3.5695E-004
4.2657E-004
3.9215E-004
5.3294E-004
3.3253E-004
4.6728E-004
4.9504E-004
4.0534E-004
3.0534E-004
4.9224E-004
5.2574E-004
6.6348E-004
4.2278E-004
7.3140E-004
5.5399E-004
5.6731E-004
5.8999E-004
5.5344E-004
7.2435E-004
6.3639E-004
5.1177E-004
7.8111E-004
5.8060E-004
7.4762E-004
5.7783E-004
6.7287E-004
7.8442E-004
6.8117E-004
6.9942E-004
7.7889E-004
7.8719E-004
7.9881E-004
7.8828E-004
7.5193E-004
7.9993E-004
7.6837E-004
7.5788E-004
7.3680E-004
7.6505E-004
7.9771E-004
7.8828E-004
8.0048E-004
7.7445E-004
7.9659E-004
6.5132E-004
7.9050E-004
7.3680E-004
7.6946E-004
7.4327E-004
7.0814E-004
7.7390E-004
7.5357E-004
7.7168E-004
7.3301E-004
5.2516E-004
6.8616E-004
7.4382E-004
6.7397E-004
7.1354E-004
4.9894E-004
6.1705E-004
7.3951E-004
4.5859E-004
6.2535E-004
5.1959E-004
5.2014E-004
5.3738E-004
4.4665E-004
6.8726E-004
4.4774E-004
4.9282E-004
4.7776E-004
5.5955E-004
5.1679E-004
5.2181E-004
3.7728E-004
4.5968E-004
3.5913E-004
3.8883E-004
3.8442E-004
4.5099E-004
4.7329E-004
3.5859E-004
4.2657E-004
4.1029E-004
3.4752E-004
3.7783E-004
3.6792E-004
3.8552E-004
3.1921E-004
3.4916E-004
3.6573E-004
4.1467E-004
3.4141E-004
3.2699E-004
3.0923E-004
3.5473E-004
3.4086E-004
3.0646E-004
3.2532E-004
3.1531E-004
2.7104E-004
2.8983E-004
2.8098E-004
3.6628E-004
2.2011E-004
2.6332E-004
2.4176E-004
2.7326E-004
3.0756E-004
2.9482E-004
2.6055E-004
2.4894E-004
2.1200E-004
3.0424E-004
2.7825E-004
2.4562E-004
2.0875E-004
1.9739E-004
2.8983E-004
2.1956E-004
2.6110E-004
2.5724E-004
1.9900E-004
1.7384E-004
2.2982E-004
1.9199E-004
2.1847E-004
2.2011E-004
2.4067E-004
1.7217E-004
1.8166E-004
2.1361E-004
1.8819E-004
1.6991E-004
1.5260E-004
1.5650E-004
1.7104E-004
1.9359E-004
1.7329E-004
1.7719E-004
1.5428E-004
1.5650E-004
1.5202E-004
1.4701E-004
1.7609E-004
2.0116E-004
1.6210E-004
1.4643E-004
1.2574E-004
1.2908E-004
1.5762E-004
1.6711E-004
1.5090E-004
1.4308E-004
1.4980E-004
1.6489E-004
1.9359E-004
1.5482E-004
1.7049E-004
1.5537E-004
1.3806E-004
1.7384E-004
1.6264E-004
1.4195E-004
1.4141E-004
1.5035E-004
1.5428E-004
1.3806E-004
1.3915E-004
1.4253E-004
1.7104E-004
1.3861E-004
1.7329E-004
1.5930E-004
1.5482E-004
1.5984E-004
1.9414E-004
1.6544E-004
1.9035E-004
1.5537E-004
2.0605E-004
1.8658E-004
1.6657E-004
2.0280E-004
2.0009E-004
1.9575E-004
2.5116E-004
1.8874E-004
2.0170E-004
2.2336E-004
1.7162E-004
2.3578E-004
1.8494E-004
2.2712E-004
2.5006E-004
2.1631E-004
2.5061E-004
2.3848E-004
2.9868E-004
2.9427E-004
2.1251E-004
3.2255E-004
2.0009E-004
2.9205E-004
3.3864E-004
2.5502E-004
2.3632E-004
3.6573E-004
3.1312E-004
3.8993E-004
3.2641E-004
3.5913E-004
3.1422E-004
3.0202E-004
3.6245E-004
3.2809E-004
4.4395E-004
2.6441E-004
3.9820E-004
4.5209E-004
4.3635E-004
4.2982E-004
4.3635E-004
3.7564E-004
4.6943E-004
3.0701E-004
5.1232E-004
4.6403E-004
3.5360E-004
5.4401E-004
5.3462E-004
5.2126E-004
6.8780E-004
5.2294E-004
6.7342E-004
5.6676E-004
6.2477E-004
5.5566E-004
5.1399E-004
6.8893E-004
5.8060E-004
5.5788E-004
6.0547E-004
6.6901E-004
6.7564E-004
7.1300E-004
6.4520E-004
6.5904E-004
6.7178E-004
7.3356E-004
7.9382E-004
7.1840E-004
7.3410E-004
7.1789E-004
7.6448E-004
7.7667E-004
7.6782E-004
6.7509E-004
7.0383E-004
7.1464E-004
6.9778E-004
7.2599E-004
6.6956E-004
7.1518E-004
6.7619E-004
6.4964E-004
7.2651E-004
7.2381E-004
6.8117E-004
7.6448E-004
6.3915E-004
6.5740E-004
5.7728E-004
6.4356E-004
