1.8278E-004
2.0116E-004
2.2172E-004
1.8549E-004
2.3092E-004
1.8278E-004
1.9739E-004
2.5283E-004
2.2172E-004
3.5083E-004
2.3201E-004
2.5283E-004
2.9205E-004
2.2442E-004
2.6773E-004
3.9157E-004
2.3253E-004
2.6885E-004
2.7548E-004
3.1866E-004
2.5225E-004
2.8706E-004
3.3253E-004
2.8320E-004
3.1477E-004
2.8874E-004
2.4617E-004
3.7728E-004
3.2143E-004
4.9951E-004
4.4665E-004
3.0312E-004
3.8883E-004
4.4990E-004
4.1792E-004
4.9617E-004
3.6682E-004
4.3960E-004
5.2516E-004
4.7217E-004
5.5235E-004
5.5122E-004
4.4935E-004
4.8780E-004
4.3960E-004
5.8060E-004
6.1486E-004
5.1345E-004
5.0675E-004
5.5013E-004
6.4079E-004
4.8780E-004
7.9659E-004
7.8330E-004
5.3684E-004
7.4762E-004
7.0759E-004
7.2329E-004
5.8114E-004
7.5733E-004
7.9771E-004
6.7673E-004
7.8664E-004
7.8996E-004
7.4922E-004
7.2165E-004
7.6782E-004
7.8664E-004
7.9659E-004
8.0157E-004
7.8996E-004
8.0325E-004
8.0878E-004
8.0492E-004
8.3825E-004
7.4652E-004
8.0987E-004
8.4269E-004
8.0048E-004
8.0379E-004
7.5897E-004
7.8552E-004
8.2432E-004
7.5032E-004
7.8552E-004
7.5412E-004
6.9112E-004
7.6560E-004
7.3516E-004
6.2258E-004
7.5302E-004
6.9832E-004
6.8671E-004
6.4910E-004
6.5682E-004
7.1354E-004
5.5566E-004
7.5087E-004
6.4356E-004
6.2368E-004
6.7342E-004
5.6177E-004
5.9607E-004
5.7783E-004
5.2574E-004
5.6953E-004
5.3294E-004
4.6834E-004
5.3626E-004
5.0675E-004
6.0106E-004
4.5749E-004
5.3404E-004
4.7831E-004
4.5260E-004
4.8780E-004
4.1792E-004
4.3417E-004
5.4459E-004
3.5138E-004
4.2931E-004
4.3037E-004
4.3851E-004
4.7718E-004
4.1901E-004
4.3256E-004
4.1576E-004
3.9874E-004
4.2226E-004
3.9102E-004
3.8169E-004
4.3311E-004
3.7892E-004
4.2767E-004
3.7673E-004
3.7947E-004
3.8002E-004
3.8719E-004
4.2332E-004
2.7104E-004
3.7783E-004
3.9269E-004
3.4086E-004
3.5527E-004
2.7326E-004
2.9591E-004
3.0090E-004
3.2310E-004
3.6132E-004
3.1367E-004
3.8552E-004
2.6110E-004
2.6995E-004
3.5251E-004
3.4861E-004
2.8488E-004
2.9701E-004
2.8156E-004
2.6995E-004
2.6608E-004
2.7217E-004
3.1811E-004
2.5006E-004
2.4894E-004
2.6995E-004
1.9794E-004
2.3793E-004
2.1576E-004
2.4453E-004
2.5061E-004
2.6000E-004
2.6995E-004
2.4343E-004
1.9630E-004
2.6332E-004
2.1251E-004
1.7944E-004
1.8710E-004
1.6769E-004
1.8980E-004
1.9305E-004
1.9250E-004
2.0495E-004
1.9250E-004
1.8333E-004
1.8385E-004
2.3092E-004
1.9035E-004
1.8980E-004
2.2712E-004
1.8494E-004
2.0280E-004
1.9575E-004
1.9250E-004
1.7998E-004
1.7497E-004
1.7162E-004
2.1200E-004
1.4868E-004
1.5035E-004
1.8385E-004
1.7104E-004
2.0711E-004
1.6711E-004
1.8494E-004
1.7104E-004
1.6210E-004
1.7384E-004
1.6264E-004
1.9035E-004
1.7104E-004
1.9469E-004
1.7609E-004
1.9900E-004
1.9900E-004
1.8056E-004
2.1470E-004
1.7271E-004
2.1200E-004
2.1686E-004
2.1145E-004
2.1361E-004
1.9955E-004
1.8603E-004
2.1415E-004
1.9199E-004
2.0550E-004
2.2390E-004
2.6164E-004
2.4617E-004
2.2281E-004
2.1145E-004
2.4839E-004
2.6827E-004
2.9096E-004
2.6496E-004
2.9923E-004
2.7326E-004
2.3632E-004
3.7123E-004
3.2143E-004
3.0756E-004
3.1811E-004
3.3973E-004
3.0090E-004
3.1866E-004
3.5637E-004
4.2226E-004
3.7455E-004
4.3417E-004
3.2419E-004
3.6132E-004
4.9951E-004
3.2033E-004
5.2126E-004
4.1847E-004
3.7783E-004
3.6023E-004
4.0698E-004
4.1358E-004
4.1139E-004
4.7384E-004
4.6728E-004
3.9488E-004
5.7117E-004
5.3294E-004
5.9221E-004
5.8060E-004
4.9115E-004
6.7786E-004
6.7397E-004
5.0843E-004
7.9495E-004
7.1518E-004
6.4411E-004
5.8726E-004
5.8005E-004
7.5733E-004
8.1100E-004
7.0489E-004
8.1653E-004
5.8227E-004
8.3101E-004
8.1209E-004
8.0878E-004
7.4707E-004
7.7558E-004
8.0048E-004
8.1875E-004
8.3047E-004
7.6448E-004
7.5463E-004
7.8941E-004
7.5193E-004
7.7998E-004
8.0157E-004
7.4652E-004
8.1377E-004
7.2921E-004
7.9105E-004
7.5193E-004
7.8111E-004
8.1763E-004
7.3680E-004
7.4112E-004
7.2165E-004
6.8838E-004
7.1625E-004
5.8282E-004
6.6789E-004
7.5141E-004
7.2545E-004
7.1789E-004
5.8999E-004
6.3857E-004
6.8063E-004
4.9170E-004
6.9446E-004
5.3240E-004
5.7670E-004
5.4015E-004
5.4845E-004
6.6625E-004
5.4125E-004
5.2850E-004
5.5679E-004
5.1625E-004
5.0453E-004
5.3018E-004
4.6888E-004
4.8668E-004
4.5260E-004
4.5804E-004
4.4176E-004
4.5209E-004
5.8726E-004
4.1847E-004
4.6454E-004
4.0312E-004
3.8224E-004
5.0228E-004
4.3906E-004
4.2442E-004
4.0753E-004
4.1682E-004
4.2603E-004
4.1467E-004
4.5695E-004
3.9215E-004
3.7397E-004
3.7123E-004
3.3253E-004
3.9324E-004
2.7767E-004
3.2419E-004
3.9488E-004
3.9762E-004
3.5029E-004
3.8719E-004
3.4916E-004
3.1644E-004
3.5473E-004
2.9758E-004
3.6959E-004
2.9536E-004
2.4285E-004
3.0646E-004
2.9369E-004
3.5083E-004
2.8652E-004
2.9150E-004
2.2931E-004
2.4894E-004
2.7435E-004
2.5447E-004
3.1422E-004
3.1753E-004
2.9150E-004
2.6386E-004
2.3146E-004
2.9591E-004
2.3523E-004
2.4784E-004
2.4176E-004
2.8043E-004
2.1576E-004
1.8494E-004
2.2336E-004
2.2606E-004
2.4398E-004
2.2442E-004
2.1200E-004
2.1415E-004
2.0659E-004
2.1686E-004
1.7776E-004
1.9845E-004
2.2767E-004
1.7664E-004
2.0009E-004
2.0711E-004
1.7831E-004
1.9144E-004
2.3037E-004
2.1795E-004
1.8980E-004
1.8166E-004
1.8658E-004
1.6544E-004
1.8928E-004
1.7329E-004
1.8278E-004
1.7609E-004
1.8494E-004
1.8439E-004
1.8549E-004
1.7944E-004
2.1090E-004
1.8549E-004
1.7886E-004
1.7944E-004
1.9144E-004
2.1740E-004
1.8333E-004
1.7664E-004
1.6435E-004
2.1145E-004
1.5708E-004
1.8603E-004
1.8710E-004
1.7944E-004
1.8333E-004
1.7329E-004
2.3793E-004
1.8056E-004
1.7217E-004
2.0820E-004
2.0334E-004
2.3523E-004
1.7049E-004
2.0009E-004
2.4507E-004
2.3307E-004
2.2442E-004
2.0605E-004
2.4894E-004
2.6995E-004
2.0820E-004
2.9369E-004
2.7657E-004
2.7825E-004
2.5283E-004
2.3471E-004
3.3529E-004
2.4839E-004
2.4343E-004
2.7493E-004
3.1753E-004
3.1477E-004
3.4031E-004
3.0701E-004
3.5804E-004
3.6078E-004
3.2532E-004
3.4141E-004
3.3475E-004
5.4623E-004
3.9379E-004
4.1576E-004
6.0711E-004
3.5138E-004
4.0093E-004
5.1734E-004
3.8224E-004
4.6293E-004
3.5029E-004
4.9951E-004
4.4285E-004
4.4665E-004
5.7394E-004
5.0730E-004
6.8339E-004
5.9774E-004
4.5099E-004
8.0656E-004
5.6785E-004
7.7336E-004
7.7168E-004
6.8394E-004
6.4411E-004
7.7834E-004
6.7895E-004
7.1300E-004
6.7287E-004
7.3951E-004
7.5572E-004
6.0878E-004
8.0601E-004
7.6007E-004
8.0270E-004
7.9993E-004
6.7786E-004
8.0325E-004
8.1209E-004
8.1377E-004
7.7776E-004
7.9382E-004
7.9771E-004
8.2654E-004
7.8497E-004
8.0434E-004
7.9604E-004
7.9050E-004
8.0048E-004
8.2712E-004
8.0212E-004
8.0379E-004
7.1734E-004
7.7001E-004
7.7500E-004
6.9388E-004
7.8388E-004
7.2059E-004
7.5518E-004
7.2815E-004
6.5682E-004
7.1248E-004
6.9388E-004
6.2368E-004
6.3031E-004
6.1705E-004
6.7397E-004
6.5350E-004
5.0508E-004
5.5621E-004
5.4569E-004
5.5679E-004
6.4910E-004
4.4121E-004
5.0843E-004
5.3738E-004
5.9993E-004
4.6782E-004
4.8835E-004
5.3571E-004
4.4665E-004
5.0286E-004
5.3404E-004
4.7776E-004
4.5209E-004
4.5859E-004
4.4556E-004
5.5897E-004
4.1792E-004
5.0675E-004
4.2982E-004
4.0093E-004
4.2712E-004
3.9215E-004
4.0975E-004
4.1847E-004
4.1029E-004
4.1248E-004
3.8610E-004
3.9652E-004
4.1737E-004
3.8993E-004
3.8060E-004
3.9652E-004
3.9598E-004
3.9707E-004
2.9758E-004
3.6300E-004
3.7014E-004
3.8610E-004
4.0589E-004
3.4031E-004
3.8278E-004
3.2641E-004
3.2419E-004
3.8938E-004
3.5804E-004
3.0756E-004
3.4585E-004
2.1145E-004
3.2365E-004
3.0701E-004
2.7493E-004
3.1811E-004
2.4285E-004
3.0424E-004
3.0145E-004
2.6663E-004
2.9482E-004
3.1200E-004
3.0145E-004
2.7104E-004
2.4012E-004
2.8320E-004
2.4398E-004
2.2876E-004
2.5833E-004
2.1251E-004
3.0646E-004
1.8603E-004
2.4507E-004
2.8542E-004
2.3523E-004
2.2497E-004
2.5061E-004
2.4894E-004
2.4012E-004
2.1847E-004
2.1415E-004
1.8439E-004
2.1631E-004
1.8278E-004
1.9414E-004
1.8385E-004
2.0605E-004
1.8764E-004
2.2661E-004
1.9524E-004
1.5370E-004
2.1576E-004
1.9250E-004
2.1251E-004
1.6882E-004
2.0280E-004
1.7049E-004
2.0605E-004
1.8819E-004
1.9035E-004
1.8710E-004
2.0711E-004
2.0064E-004
1.5370E-004
1.9199E-004
1.8166E-004
1.7719E-004
1.5650E-004
1.8819E-004
1.9469E-004
1.6210E-004
1.7719E-004
2.0820E-004
1.8224E-004
1.9414E-004
2.2065E-004
2.0659E-004
1.9630E-004
1.9305E-004
2.0280E-004
2.2551E-004
1.9469E-004
1.7217E-004
2.0009E-004
1.8874E-004
2.4617E-004
2.3903E-004
2.4562E-004
2.6332E-004
1.8874E-004
2.5556E-004
1.9089E-004
2.6773E-004
2.0280E-004
2.2931E-004
2.9813E-004
2.8706E-004
2.6608E-004
2.8652E-004
2.5116E-004
3.0701E-004
2.4012E-004
2.8928E-004
3.5360E-004
3.4974E-004
3.3031E-004
3.3475E-004
2.8320E-004
3.8993E-004
2.4784E-004
3.9324E-004
3.8938E-004
3.6023E-004
5.2461E-004
4.5589E-004
4.7664E-004
6.2036E-004
4.2496E-004
4.7274E-004
3.4585E-004
4.5154E-004
5.9330E-004
4.4881E-004
6.6679E-004
5.9443E-004
5.9552E-004
6.3803E-004
4.9672E-004
6.6570E-004
6.1209E-004
6.2866E-004
7.3195E-004
7.2815E-004
6.6181E-004
6.7287E-004
6.9556E-004
7.8719E-004
6.2976E-004
7.9218E-004
7.8996E-004
7.0328E-004
7.6615E-004
8.2265E-004
7.6837E-004
7.8111E-004
8.2821E-004
8.0103E-004
8.0769E-004
7.8442E-004
7.8941E-004
8.0601E-004
8.2319E-004
8.0769E-004
8.2377E-004
8.2599E-004
8.2319E-004
7.4816E-004
8.2545E-004
7.9105E-004
7.7722E-004
7.9549E-004
7.3410E-004
8.1763E-004
8.0601E-004
7.5572E-004
6.6847E-004
7.0109E-004
6.5740E-004
6.9279E-004
6.2204E-004
6.1428E-004
6.3748E-004
5.3349E-004
7.1840E-004
5.7007E-004
6.7841E-004
6.7178E-004
6.4742E-004
5.7670E-004
5.8504E-004
5.4292E-004
6.1264E-004
6.4910E-004
5.9607E-004
5.6119E-004
5.1010E-004
5.1959E-004
4.7886E-004
4.7776E-004
5.1625E-004
4.3581E-004
5.0173E-004
4.3960E-004
4.9450E-004
4.8780E-004
4.2387E-004
4.6943E-004
4.3526E-004
4.3581E-004
3.8333E-004
4.0367E-004
4.6074E-004
4.2931E-004
4.3690E-004
4.4665E-004
4.5695E-004
4.1139E-004
4.2657E-004
4.5534E-004
4.2876E-004
4.1139E-004
3.8224E-004
4.0479E-004
4.4121E-004
4.0093E-004
3.6300E-004
3.9598E-004
3.6245E-004
3.3587E-004
4.0148E-004
4.3851E-004
3.7728E-004
3.3697E-004
4.0202E-004
3.6132E-004
3.2310E-004
3.1866E-004
3.2197E-004
3.3307E-004
3.8883E-004
2.4951E-004
3.4697E-004
3.9707E-004
2.1361E-004
2.7879E-004
2.9646E-004
3.3031E-004
3.1090E-004
2.8320E-004
2.8764E-004
3.2754E-004
2.4012E-004
2.1740E-004
2.1956E-004
2.4453E-004
2.6827E-004
2.2065E-004
2.1415E-004
2.3362E-004
2.8874E-004
2.6222E-004
2.4562E-004
2.4839E-004
2.1525E-004
1.9359E-004
2.6055E-004
1.9900E-004
2.4012E-004
2.1361E-004
2.2117E-004
1.9739E-004
2.0930E-004
2.1901E-004
2.3687E-004
1.8494E-004
2.3417E-004
2.1470E-004
2.2390E-004
2.1251E-004
1.8549E-004
1.9469E-004
2.0116E-004
1.7944E-004
1.9845E-004
2.2065E-004
2.0605E-004
1.9305E-004
1.5762E-004
1.7271E-004
1.8056E-004
1.8658E-004
1.9144E-004
2.0225E-004
2.1847E-004
1.8710E-004
1.9359E-004
2.0711E-004
1.8603E-004
2.0334E-004
2.2497E-004
1.7944E-004
1.9955E-004
2.2497E-004
2.0280E-004
1.8603E-004
2.0389E-004
2.1847E-004
2.4231E-004
1.9305E-004
2.1200E-004
2.4951E-004
1.6937E-004
2.5833E-004
1.9469E-004
2.3687E-004
2.1576E-004
1.8658E-004
2.5283E-004
2.1631E-004
2.5669E-004
2.3307E-004
2.5724E-004
2.9096E-004
2.4839E-004
3.2477E-004
3.2197E-004
3.0035E-004
3.7509E-004
2.7603E-004
3.0424E-004
3.6850E-004
3.3973E-004
3.8883E-004
4.4990E-004
3.6737E-004
4.7718E-004
3.0257E-004
5.2072E-004
3.5582E-004
3.5418E-004
5.9221E-004
3.8938E-004
5.5013E-004
5.7007E-004
4.4935E-004
6.6016E-004
5.7062E-004
5.2014E-004
5.3127E-004
6.1927E-004
6.0492E-004
4.6454E-004
4.2442E-004
7.3031E-004
5.7950E-004
7.0704E-004
6.0823E-004
5.9443E-004
7.1139E-004
6.5518E-004
7.5357E-004
7.2706E-004
7.9382E-004
8.0601E-004
6.7123E-004
8.3378E-004
8.4437E-004
7.1029E-004
8.5662E-004
7.8275E-004
8.3156E-004
7.9549E-004
8.2545E-004
7.7001E-004
8.3938E-004
8.0048E-004
8.2155E-004
7.8774E-004
8.3603E-004
7.8996E-004
7.7944E-004
7.7558E-004
8.1599E-004
7.6724E-004
7.8275E-004
7.8606E-004
7.0923E-004
7.7998E-004
7.2976E-004
7.6724E-004
8.0157E-004
6.8172E-004
7.9495E-004
7.4166E-004
6.6679E-004
7.0923E-004
6.0656E-004
7.2706E-004
7.1518E-004
6.0106E-004
6.4025E-004
5.9498E-004
6.5518E-004
5.7007E-004
4.7886E-004
5.9662E-004
5.7506E-004
5.8944E-004
6.0325E-004
5.0843E-004
5.6785E-004
4.6238E-004
4.5749E-004
5.7950E-004
4.2603E-004
4.8446E-004
4.6998E-004
4.2226E-004
4.9002E-004
4.1522E-004
5.1123E-004
4.4340E-004
4.4395E-004
4.6184E-004
3.9929E-004
4.2767E-004
4.2548E-004
3.6850E-004
4.0424E-004
4.2603E-004
4.0753E-004
4.5534E-004
4.6023E-004
3.8938E-004
3.6132E-004
3.8497E-004
4.1467E-004
3.5582E-004
4.2442E-004
4.2278E-004
4.1029E-004
3.9324E-004
3.6132E-004
4.0807E-004
3.4308E-004
3.7838E-004
4.0862E-004
3.2532E-004
3.8114E-004
3.9433E-004
3.1477E-004
3.4195E-004
3.3198E-004
3.1477E-004
3.5029E-004
3.3697E-004
3.4308E-004
2.7381E-004
2.9096E-004
3.3307E-004
2.7989E-004
3.0589E-004
2.4398E-004
2.8320E-004
3.0589E-004
2.9980E-004
2.8320E-004
2.7104E-004
2.7159E-004
2.2767E-004
2.6995E-004
2.4729E-004
2.5833E-004
2.3578E-004
2.1306E-004
2.1956E-004
2.6718E-004
2.8375E-004
2.1525E-004
2.4012E-004
2.0930E-004
2.1795E-004
2.0605E-004
1.7439E-004
2.4839E-004
2.1251E-004
1.7497E-004
2.1847E-004
2.0389E-004
1.8980E-004
2.1090E-004
1.9305E-004
1.7998E-004
2.0009E-004
1.6882E-004
2.0225E-004
1.9305E-004
2.0064E-004
1.8224E-004
1.9359E-004
2.0064E-004
1.8980E-004
1.7162E-004
2.1847E-004
2.1415E-004
1.9199E-004
1.9575E-004
2.0820E-004
1.9305E-004
1.6097E-004
2.0550E-004
1.8439E-004
1.9845E-004
1.9739E-004
1.9469E-004
1.7886E-004
2.0820E-004
1.7271E-004
2.0116E-004
2.0820E-004
1.7719E-004
1.6769E-004
1.9794E-004
2.4617E-004
2.0441E-004
1.4701E-004
2.3092E-004
2.1631E-004
2.1415E-004
2.2661E-004
2.1251E-004
2.1956E-004
2.2011E-004
2.1145E-004
2.6885E-004
2.2281E-004
2.6110E-004
2.5614E-004
2.6995E-004
3.2197E-004
2.7767E-004
2.5556E-004
2.2821E-004
2.9701E-004
3.0534E-004
3.6354E-004
2.5116E-004
3.7014E-004
3.9269E-004
3.5804E-004
3.1975E-004
3.1200E-004
4.6403E-004
2.8706E-004
5.0228E-004
4.4340E-004
3.4585E-004
4.6509E-004
3.9929E-004
4.1084E-004
5.1847E-004
3.7233E-004
4.4070E-004
5.2628E-004
4.6673E-004
6.4025E-004
4.4829E-004
5.9774E-004
5.7561E-004
4.7551E-004
5.7838E-004
4.9726E-004
6.5794E-004
6.2866E-004
4.8668E-004
5.2461E-004
5.6119E-004
7.7278E-004
6.7841E-004
6.8671E-004
7.0868E-004
7.1248E-004
7.6615E-004
7.8275E-004
6.0823E-004
7.6782E-004
6.3584E-004
7.7001E-004
8.2545E-004
6.7895E-004
8.0434E-004
8.0656E-004
8.0823E-004
7.8941E-004
6.3748E-004
8.2487E-004
7.9993E-004
8.4269E-004
8.1377E-004
7.9440E-004
6.8227E-004
8.0157E-004
7.6061E-004
7.7998E-004
7.7558E-004
6.5132E-004
7.3841E-004
8.0325E-004
6.4301E-004
7.4871E-004
7.4977E-004
7.0704E-004
7.6946E-004
6.6512E-004
6.9057E-004
6.6403E-004
7.0328E-004
7.1789E-004
5.7506E-004
7.1949E-004
6.6126E-004
4.8166E-004
6.0547E-004
4.8278E-004
5.5788E-004
4.8668E-004
5.2574E-004
5.7506E-004
4.9672E-004
4.8500E-004
6.3803E-004
5.0453E-004
4.8668E-004
4.4720E-004
4.6834E-004
5.0730E-004
4.1682E-004
4.4450E-004
4.5695E-004
4.4610E-004
5.2796E-004
4.4450E-004
4.7551E-004
4.3851E-004
4.2982E-004
4.2332E-004
3.5083E-004
3.7287E-004
4.2442E-004
3.6187E-004
4.1792E-004
3.8938E-004
4.1847E-004
4.2172E-004
3.1866E-004
3.8552E-004
4.1737E-004
3.3143E-004
4.1084E-004
3.3529E-004
3.6518E-004
3.2532E-004
3.2310E-004
3.5418E-004
3.4861E-004
3.7673E-004
3.5582E-004
3.4417E-004
3.4752E-004
3.7783E-004
2.9868E-004
3.0312E-004
2.8764E-004
3.4195E-004
2.9646E-004
2.1847E-004
3.0534E-004
2.4231E-004
3.1753E-004
2.8597E-004
2.5338E-004
2.8597E-004
2.7767E-004
2.5447E-004
2.4675E-004
2.0981E-004
2.8928E-004
2.3037E-004
2.1956E-004
2.1795E-004
2.2606E-004
2.8375E-004
2.5778E-004
2.2606E-004
2.2336E-004
1.7217E-004
2.1361E-004
2.4617E-004
1.7998E-004
1.8278E-004
2.3201E-004
2.7934E-004
2.5283E-004
2.0605E-004
2.6110E-004
1.9469E-004
2.6164E-004
2.1631E-004
1.8980E-004
2.2011E-004
1.9794E-004
1.8710E-004
2.1145E-004
1.9250E-004
1.8439E-004
1.7776E-004
2.2011E-004
1.7886E-004
1.9739E-004
1.8549E-004
1.9630E-004
1.6711E-004
1.9414E-004
1.6602E-004
1.8710E-004
1.9794E-004
1.9250E-004
1.8439E-004
1.8494E-004
2.0766E-004
1.6824E-004
1.7329E-004
1.6097E-004
1.8764E-004
1.9794E-004
1.8980E-004
1.9900E-004
1.9469E-004
1.8333E-004
1.8980E-004
2.3742E-004
2.0441E-004
2.1686E-004
2.2821E-004
2.0441E-004
1.9035E-004
2.0389E-004
2.0441E-004
2.1361E-004
2.4617E-004
2.3848E-004
3.2310E-004
2.1306E-004
2.6663E-004
2.4617E-004
2.5006E-004
2.3793E-004
3.1811E-004
2.8430E-004
3.1477E-004
2.3848E-004
3.5418E-004
2.6222E-004
2.6222E-004
3.7342E-004
2.8819E-004
3.3809E-004
3.5804E-004
3.6518E-004
4.2387E-004
3.1921E-004
4.0917E-004
4.9115E-004
4.2062E-004
4.9002E-004
4.5045E-004
4.8278E-004
4.9115E-004
5.8336E-004
6.2036E-004
4.8220E-004
6.4855E-004
6.3970E-004
4.2496E-004
7.3301E-004
5.3349E-004
4.9559E-004
